			-0.017534 -0.005773 -0.001672
			-0.015336 -0.001709 -0.005020
			-0.014889 -0.004263 -0.007677
			-0.015134 -0.009392 -0.006469
			-0.016145 -0.011160 -0.000750
			-0.016894 -0.008737 0.003632
			-0.017213 -0.004306 0.005621
			-0.016408 -0.000916 0.001140
			-0.009812 0.008402 -0.009034
			-0.008588 0.000363 -0.016332
			-0.008109 -0.002378 -0.019176
			-0.008156 -0.010315 -0.019210
			-0.009509 -0.013840 -0.011591
			-0.011753 -0.011069 0.001350
			-0.012790 -0.004464 0.007535
			-0.013200 0.000903 0.010083
			-0.011834 0.006489 0.002472
			-0.002403 0.009072 -0.015098
			-0.001819 0.005958 -0.018558
			-0.001849 0.000709 -0.018580
			-0.001458 -0.007908 -0.021141
			-0.002952 -0.009810 -0.012653
			-0.003984 -0.009892 -0.006743
			-0.005343 -0.006355 0.001153
			-0.006902 -0.002759 0.010219
			-0.007451 -0.000894 0.013429
			-0.007312 0.002795 0.012766
			-0.006053 0.006568 0.005703
			-0.004040 0.008542 -0.005741
			0.004224 0.010541 -0.016663
			0.004404 0.008107 -0.017781
			0.004365 0.001357 -0.017810
			0.004701 -0.003949 -0.019925
			0.004377 -0.007954 -0.018219
			0.002490 -0.006676 -0.007377
			0.001319 -0.004636 -0.000596
			0.000020 -0.008159 0.006716
			-0.001083 -0.009117 0.012991
			-0.001320 -0.007122 0.014416
			-0.000879 -0.001614 0.012100
			-0.001113 0.006381 0.013734
			-0.000964 0.011758 0.013080
			-0.000284 0.012208 0.009203
			0.001097 0.009358 0.001186
			0.002786 0.009264 -0.008480
			0.010816 0.013197 -0.017977
			0.011067 0.008327 -0.019597
			0.010820 0.001011 -0.018459
			0.009790 -0.000758 -0.012617
			0.008875 -0.006587 -0.007593
			0.008122 -0.008226 -0.003352
			0.006425 -0.009819 0.006307
			0.004808 -0.016224 0.015331
			0.004027 -0.013425 0.019898
			0.003969 -0.008552 0.020410
			0.004587 -0.002166 0.017112
			0.004393 0.005266 0.018499
			0.004559 0.013894 0.017860
			0.006297 0.013113 0.007881
			0.007844 0.010954 -0.001054
			0.009372 0.012608 -0.009729
			0.016815 0.009905 -0.016115
			0.017353 0.006290 -0.019331
			0.017451 -0.000895 -0.020162
			0.016136 -0.007106 -0.012861
			0.015590 -0.010241 -0.009858
			0.014124 -0.007268 -0.001350
			0.012082 -0.006681 0.010352
			0.011014 -0.007763 0.016441
			0.011147 -0.005011 0.015775
			0.011431 -0.002194 0.014249
			0.011223 0.000865 0.015554
			0.010979 0.007109 0.017182
			0.011171 0.012550 0.016281
			0.011494 0.012555 0.014434
			0.013560 0.010656 0.002543
			0.022744 0.006111 -0.013885
			0.023483 -0.002124 -0.018414
			0.023415 -0.006313 -0.018186
			0.022780 -0.008386 -0.014624
			0.022242 -0.008646 -0.011547
			0.021713 -0.010781 -0.008600
			0.020847 -0.009610 -0.003608
			0.018541 -0.006527 0.009704
			0.018140 -0.007222 0.011979
			0.017952 -0.004539 0.013159
			0.018189 -0.002472 0.011876
			0.018252 0.003153 0.011715
			0.018275 0.006965 0.011730
			0.018882 0.007665 0.008285
			0.020859 0.007388 -0.003044
			0.022406 0.007167 -0.011911
			0.028566 0.003878 -0.010972
			0.027208 -0.004271 -0.003496
			0.024665 -0.001069 0.011172
			0.025728 0.002451 0.005214
			0.026307 0.005710 0.002026
			0.028607 -0.002347 -0.002356
			0.027173 -0.000936 0.005899
