			0.183498 0.000285 -0.029396
			0.183739 -0.000368 -0.020450
			0.179594 0.000872 -0.016570
			0.173859 0.002874 -0.015709
			0.171105 0.004099 -0.019477
			0.165392 0.006208 -0.020456
			0.149399 0.011833 -0.018741
			0.130372 0.018019 -0.008721
			0.127054 0.019205 -0.008671
			0.123850 0.020489 -0.010808
			0.125562 0.020012 -0.012960
			0.125108 0.020521 -0.018450
			0.120891 0.022527 -0.026280
			0.183817 0.004485 -0.022895
			0.179144 0.008157 -0.019625
			0.174658 0.010010 -0.019010
			0.172901 0.008947 -0.021471
			0.167422 0.010278 -0.022128
			0.151926 0.016076 -0.020915
			0.134343 0.025761 -0.014846
			0.129658 0.027556 -0.014417
			0.125867 0.027864 -0.015796
			0.124746 0.026284 -0.018730
			0.124446 0.024217 -0.021998
			0.182715 0.006735 -0.026953
			0.177077 0.012106 -0.025361
			0.173767 0.013619 -0.025064
			0.173556 0.011673 -0.025841
			0.168473 0.012581 -0.025938
			0.153325 0.018075 -0.025141
			0.135809 0.027330 -0.023087
			0.129806 0.030023 -0.022570
			0.125749 0.030118 -0.022893
			0.121871 0.026669 -0.024579
			0.122545 0.024297 -0.025443
			0.182206 0.007163 -0.030831
			0.176292 0.012766 -0.031354
			0.172952 0.014303 -0.031270
			0.172908 0.012217 -0.030777
			0.167901 0.013063 -0.030310
			0.152743 0.018565 -0.029582
			0.134977 0.028029 -0.029433
			0.128928 0.030761 -0.029269
			0.124981 0.030763 -0.028745
			0.121501 0.026980 -0.027400
			0.122350 0.024461 -0.026924
			0.181759 0.004159 -0.033042
			0.177677 0.008137 -0.035737
			0.174526 0.009871 -0.036282
			0.173105 0.009647 -0.035378
			0.168868 0.011076 -0.035078
			0.156123 0.014148 -0.032776
			0.134032 0.022725 -0.032510
			0.128765 0.025209 -0.032950
			0.125743 0.026398 -0.032931
			0.122756 0.025390 -0.030412
			0.121725 0.024492 -0.028912
			0.181726 0.001131 -0.032753
			0.179207 0.002287 -0.036761
			0.175976 0.003530 -0.038094
			0.172820 0.004644 -0.037822
			0.169032 0.006033 -0.038323
			0.159708 0.009062 -0.033379
			0.134074 0.018112 -0.031185
			0.129418 0.019846 -0.032215
			0.126683 0.020927 -0.033804
			0.123546 0.021962 -0.032383
			0.120587 0.022912 -0.030628
			0.180134 -0.000986 -0.032952
			0.175111 -0.001440 -0.036083
			0.171377 -0.000796 -0.036926
			0.169296 0.000496 -0.035989
			0.162606 0.003456 -0.034774
			0.152642 0.008002 -0.032760
			0.130544 0.014166 -0.034207
			0.124820 0.015000 -0.035735
			0.120642 0.015835 -0.036507
			0.118922 0.017679 -0.034559
			0.118921 0.019659 -0.031570
			0.178835 -0.003223 -0.031175
			0.171803 -0.004429 -0.032269
			0.167775 -0.003896 -0.032417
			0.166847 -0.001770 -0.031671
			0.157529 0.004235 -0.030159
			0.146107 0.007395 -0.029939
			0.127002 0.007447 -0.031610
			0.120257 0.006926 -0.032412
			0.114900 0.008268 -0.032365
			0.114556 0.011421 -0.031167
			0.117540 0.015636 -0.029260
			0.179261 -0.003580 -0.027931
			0.172533 -0.005042 -0.026697
			0.168581 -0.004572 -0.026282
			0.167504 -0.002322 -0.026665
			0.157964 0.003869 -0.026844
			0.146614 0.006967 -0.026061
			0.128067 0.006554 -0.023502
			0.121560 0.005830 -0.022469
			0.116250 0.007133 -0.022068
			0.115655 0.010496 -0.022776
			0.118206 0.015076 -0.024183
			0.181003 -0.003581 -0.023827
			0.175515 -0.004121 -0.020700
			0.170692 -0.002906 -0.019888
			0.169036 -0.000402 -0.022002
			0.161294 0.003690 -0.023154
			0.147607 0.007940 -0.021770
			0.128458 0.009417 -0.014712
			0.123837 0.010101 -0.013384
			0.119887 0.012079 -0.013847
			0.120385 0.013626 -0.015847
			0.121540 0.016857 -0.020077
			0.177443 -0.000132 0.000205
			0.175716 0.000194 0.005977
			0.170143 0.002724 0.006346
			0.166678 0.004333 0.006122
			0.159630 0.007893 0.002120
			0.127010 0.023159 -0.001413
			0.118064 0.027078 0.000912
			0.114104 0.028938 0.000411
			0.109512 0.030963 0.001447
			0.104809 0.033197 0.000530
			0.102624 0.034346 -0.001283
			0.105622 0.033140 -0.003390
			0.107545 0.032520 -0.006631
			0.178637 0.002281 0.004579
			0.174100 0.005030 0.005034
			0.170985 0.006352 0.004541
			0.165900 0.008033 0.003050
			0.147970 0.015979 0.000682
			0.142819 0.019509 0.001786
			0.137937 0.021327 0.000647
			0.117492 0.031605 -0.000311
			0.112518 0.034192 -0.000419
			0.108832 0.035187 -0.001820
			0.108879 0.034704 -0.002477
			0.180844 0.002691 0.002012
			0.177342 0.005605 0.002097
			0.174442 0.006379 0.001620
			0.172347 0.008286 0.001725
			0.168980 0.008698 0.001008
			0.166930 0.010352 0.001041
			0.160873 0.011672 -0.000056
			0.124386 0.029762 -0.003274
			0.119516 0.033429 -0.003284
			0.114569 0.034812 -0.004078
			0.112433 0.036622 -0.004015
			0.181046 0.002814 -0.000651
			0.177601 0.005763 -0.001338
			0.174676 0.006521 -0.001466
			0.172624 0.008454 -0.001919
			0.169203 0.008834 -0.001937
			0.167185 0.010508 -0.002324
			0.161061 0.011785 -0.002510
			0.124619 0.029904 -0.006359
			0.119814 0.033611 -0.007210
			0.114825 0.034967 -0.007444
			0.112727 0.036800 -0.007872
			0.179970 0.001442 -0.002617
			0.176839 0.003512 -0.003602
			0.174115 0.004258 -0.003281
			0.171810 0.006226 -0.004499
			0.167646 0.007118 -0.003734
			0.163391 0.009186 -0.004239
			0.151357 0.014808 -0.005416
			0.124507 0.027877 -0.008627
			0.119651 0.031360 -0.010456
			0.116375 0.033458 -0.011409
			0.110922 0.035681 -0.011580
			0.178597 -0.000394 -0.003111
			0.175815 0.000943 -0.003841
			0.173443 0.001977 -0.003158
			0.170619 0.003426 -0.005035
			0.165999 0.005436 -0.003657
			0.159693 0.008345 -0.003818
			0.141242 0.017084 -0.007107
			0.123994 0.025178 -0.009250
			0.118772 0.027785 -0.011818
			0.116529 0.029036 -0.014551
			0.108207 0.032785 -0.013650
			0.176321 -0.002151 -0.003549
			0.172530 -0.001238 -0.005151
			0.169412 0.000681 -0.004793
			0.167095 0.001929 -0.004782
			0.162776 0.005068 -0.003596
			0.153694 0.009740 -0.003869
			0.136920 0.016553 -0.006976
			0.123178 0.021816 -0.009975
			0.115964 0.022809 -0.014088
			0.112340 0.023973 -0.015198
			0.107720 0.027717 -0.013379
			0.173919 -0.003942 -0.001967
			0.168763 -0.004088 -0.003326
			0.164791 -0.001536 -0.003481
			0.163804 0.001131 -0.002839
			0.159700 0.005138 -0.002540
			0.147920 0.011686 -0.003343
			0.132820 0.016649 -0.005518
			0.122034 0.018089 -0.007777
			0.112195 0.016415 -0.010838
			0.107969 0.019087 -0.011017
			0.107318 0.023222 -0.009799
			0.173669 -0.004095 0.001328
			0.168396 -0.004311 0.001511
			0.164457 -0.001741 0.000936
			0.163569 0.000989 0.000246
			0.159562 0.005053 -0.000719
			0.147830 0.011631 -0.002151
			0.132634 0.016536 -0.003065
			0.121684 0.017875 -0.003149
			0.111557 0.016027 -0.002424
			0.107362 0.018717 -0.003025
			0.106887 0.022960 -0.004121
			0.174315 -0.002680 0.004366
			0.168929 -0.001379 0.005192
			0.165174 0.000576 0.004600
			0.161464 0.004254 0.002072
			0.143074 0.013695 -0.000675
			0.132310 0.017954 -0.000869
			0.122862 0.021679 -0.001026
			0.115120 0.023513 0.000204
			0.108105 0.024765 0.001774
			0.105062 0.026997 0.000575
			0.106383 0.028567 -0.001733
			0.166935 -0.002804 0.015003
			0.166455 -0.002829 0.018042
			0.164014 -0.001782 0.018945
			0.161073 -0.000371 0.018200
			0.158068 0.000866 0.019964
			0.155617 0.002039 0.019382
			0.152911 0.003460 0.017174
			0.125709 0.016232 0.013716
			0.111839 0.022322 0.017158
			0.105225 0.025495 0.015484
			0.102332 0.026801 0.015771
			0.099098 0.028432 0.013971
			0.101626 0.027703 0.008618
			0.167125 -0.001462 0.017381
			0.165155 0.000316 0.018604
			0.162386 0.001466 0.018096
			0.159861 0.003504 0.019265
			0.156639 0.004608 0.018290
			0.141831 0.011325 0.016512
			0.126775 0.018158 0.014710
			0.113625 0.025674 0.015689
			0.107296 0.028803 0.015354
			0.104605 0.030175 0.015279
			0.101236 0.030661 0.013156
			0.167536 -0.000743 0.015945
			0.166168 0.001933 0.016581
			0.163651 0.003006 0.016295
			0.161370 0.005295 0.016533
			0.157245 0.006101 0.015708
			0.130970 0.019393 0.013524
			0.128244 0.020666 0.013256
			0.114834 0.027542 0.012177
			0.109316 0.031647 0.012213
			0.106678 0.032778 0.011916
			0.103027 0.031937 0.010599
			0.167658 -0.000668 0.014333
			0.166395 0.002072 0.013565
			0.163876 0.003142 0.013351
			0.161656 0.005469 0.012748
			0.157474 0.006240 0.012692
			0.131252 0.019564 0.009807
			0.128526 0.020838 0.009541
			0.115149 0.027732 0.008040
			0.109710 0.031886 0.007025
			0.107065 0.033014 0.006798
			0.103282 0.032093 0.007235
			0.167533 -0.001567 0.013160
			0.166084 0.000336 0.011480
			0.163017 0.001842 0.011090
			0.160573 0.003633 0.010035
			0.156866 0.004534 0.010714
			0.136652 0.014085 0.008601
			0.125117 0.020304 0.006433
			0.115178 0.025885 0.004286
			0.111076 0.028199 0.003387
			0.107543 0.029704 0.003221
			0.104034 0.030116 0.004417
			0.167223 -0.002763 0.012860
			0.165483 -0.001821 0.011090
			0.161791 -0.000068 0.010386
			0.159117 0.001237 0.009440
			0.156040 0.002563 0.010509
			0.142099 0.009010 0.009946
			0.121230 0.018972 0.005279
			0.114340 0.022376 0.002319
			0.111826 0.023513 0.002530
			0.107462 0.025523 0.002447
			0.104164 0.026981 0.003152
			0.164932 -0.003756 0.011692
			0.161739 -0.003181 0.009871
			0.158578 -0.001503 0.009892
			0.156418 -0.000064 0.010389
			0.151395 0.003082 0.011219
			0.134568 0.011028 0.009715
			0.118640 0.017039 0.005799
			0.111998 0.018682 0.002742
			0.108389 0.019710 0.001305
			0.102811 0.022716 0.001421
			0.101823 0.024809 0.004013
			0.162225 -0.005390 0.012736
			0.157594 -0.005059 0.011593
			0.155236 -0.002940 0.011746
			0.154155 -0.000296 0.012446
			0.147186 0.004589 0.012380
			0.127210 0.013513 0.010273
			0.116299 0.015861 0.008171
			0.109827 0.015727 0.006346
			0.104491 0.015470 0.004786
			0.097835 0.019701 0.004559
			0.099855 0.023644 0.006601
			0.161976 -0.005541 0.016031
			0.157250 -0.005269 0.016149
			0.154943 -0.003117 0.015601
			0.153974 -0.000405 0.014830
			0.147091 0.004531 0.013642
			0.127093 0.013442 0.011816
			0.116039 0.015702 0.011604
			0.109401 0.015469 0.011955
			0.103922 0.015123 0.012289
			0.097324 0.019389 0.011290
			0.099598 0.023489 0.009964
			0.164161 -0.004178 0.018081
			0.160561 -0.003508 0.018996
			0.157930 -0.001774 0.018106
			0.155622 -0.000588 0.017745
			0.150901 0.002303 0.016423
			0.139767 0.007974 0.014746
			0.120865 0.016082 0.013804
			0.110299 0.018383 0.016074
			0.104502 0.020441 0.016322
			0.099640 0.022930 0.015576
			0.099050 0.025407 0.012757
			0.154008 0.000710 0.029467
			0.151853 0.001243 0.033241
			0.146917 0.002944 0.034332
			0.145240 0.003673 0.032306
			0.142466 0.004742 0.031123
			0.138280 0.006442 0.027962
			0.119574 0.013341 0.024895
			0.106605 0.017907 0.026186
			0.099356 0.020579 0.025023
			0.095663 0.021843 0.025988
			0.086585 0.025292 0.022886
			0.084403 0.026215 0.020656
			0.087887 0.025147 0.017808
			0.153474 0.003449 0.033013
			0.149175 0.006080 0.033750
			0.146531 0.006243 0.032115
			0.143029 0.007374 0.031266
			0.139116 0.007810 0.029129
			0.116152 0.016688 0.025639
			0.106092 0.021678 0.025686
			0.098654 0.024328 0.024234
			0.094165 0.026443 0.024096
			0.088257 0.028041 0.022214
			0.086167 0.027639 0.020165
			0.155149 0.005023 0.031165
			0.151398 0.008101 0.031038
			0.147941 0.008252 0.030072
			0.143895 0.009860 0.029395
			0.140568 0.009961 0.028451
			0.113529 0.021082 0.024040
			0.105753 0.024858 0.022956
			0.098008 0.027270 0.021446
			0.092355 0.029358 0.020450
			0.089837 0.029725 0.019827
			0.087786 0.028228 0.018753
			0.155661 0.005023 0.028262
			0.152093 0.008101 0.027097
			0.148514 0.008252 0.026822
			0.144480 0.009860 0.026075
			0.141031 0.009961 0.025824
			0.114115 0.021082 0.020720
			0.106435 0.024858 0.019081
			0.098642 0.027270 0.017850
			0.092990 0.029358 0.016853
			0.090411 0.029725 0.016577
			0.088116 0.028228 0.016884
			0.154959 0.003052 0.026368
			0.150964 0.005607 0.024355
			0.148121 0.005965 0.024693
			0.144432 0.006789 0.024697
			0.139376 0.008272 0.024273
			0.118864 0.016893 0.019395
			0.107843 0.021273 0.017078
			0.101499 0.023811 0.015727
			0.096147 0.025865 0.014690
			0.092289 0.027330 0.013964
			0.089246 0.026838 0.015387
			0.153903 0.000952 0.026218
			0.149298 0.002750 0.023904
			0.147299 0.003430 0.024476
			0.144242 0.004450 0.025668
			0.137537 0.006928 0.024486
			0.123151 0.012369 0.019986
			0.108822 0.017664 0.017460
			0.103742 0.019608 0.015527
			0.098654 0.021503 0.014399
			0.093383 0.023495 0.012776
			0.089925 0.024612 0.014706
			0.153762 -0.000992 0.026856
			0.149044 -0.000421 0.024344
			0.146672 0.000390 0.023832
			0.143391 0.002972 0.025214
			0.137346 0.005889 0.025128
			0.122349 0.010650 0.021363
			0.107525 0.015119 0.017303
			0.102678 0.015769 0.014814
			0.097699 0.017120 0.013238
			0.092839 0.018297 0.011492
			0.090483 0.020570 0.013083
			0.153716 -0.002226 0.028451
			0.148681 -0.002959 0.026745
			0.145485 -0.002906 0.025824
			0.142228 0.001341 0.026213
			0.137344 0.005515 0.026100
			0.122014 0.010391 0.023148
			0.105959 0.012830 0.019211
			0.100963 0.011744 0.017403
			0.095838 0.012173 0.016035
			0.091237 0.012407 0.014762
			0.089902 0.015268 0.015275
			0.153386 -0.002226 0.030320
			0.148072 -0.002959 0.030203
			0.144753 -0.002906 0.029975
			0.141826 0.001341 0.028495
			0.137198 0.005515 0.026930
			0.121782 0.010391 0.024462
			0.105350 0.012830 0.022670
			0.100037 0.011744 0.022659
			0.094753 0.012173 0.022191
			0.089994 0.012407 0.021816
			0.088915 0.015268 0.020877
			0.152337 -0.001098 0.032113
			0.147098 -0.000702 0.033056
			0.144762 0.000355 0.032410
			0.141914 0.002678 0.030368
			0.137660 0.005866 0.027658
			0.120595 0.011826 0.025069
			0.105667 0.014958 0.025331
			0.099429 0.016223 0.025491
			0.094835 0.016882 0.025941
			0.088064 0.019385 0.024747
			0.086541 0.021371 0.022753
			0.142331 0.001815 0.041932
			0.139450 0.002416 0.045368
			0.137130 0.003016 0.045631
			0.135420 0.003510 0.044704
			0.133519 0.004066 0.043549
			0.130932 0.004730 0.043942
			0.128178 0.005558 0.041760
			0.101253 0.012929 0.036061
			0.077886 0.019018 0.037702
			0.067639 0.021880 0.034311
			0.069754 0.021393 0.032783
			0.073386 0.020420 0.033081
			0.080265 0.018805 0.028797
			0.140965 0.003790 0.043950
			0.139008 0.004851 0.044292
			0.136667 0.005544 0.043872
			0.134212 0.006295 0.043466
			0.130909 0.007042 0.042540
			0.125263 0.008535 0.041270
			0.101939 0.014630 0.035918
			0.088739 0.020632 0.036567
			0.081676 0.022250 0.034617
			0.078890 0.022751 0.033650
			0.079359 0.022228 0.033181
			0.142056 0.003499 0.042383
			0.140540 0.004985 0.042403
			0.137820 0.006444 0.042052
			0.135145 0.008158 0.041798
			0.130665 0.007957 0.040397
			0.122694 0.011478 0.039135
			0.102776 0.015948 0.034608
			0.098898 0.018884 0.034381
			0.095264 0.019968 0.033640
			0.088142 0.022900 0.032445
			0.085354 0.022770 0.031571
			0.142269 0.003488 0.041381
			0.140897 0.004969 0.040733
			0.138270 0.006424 0.039939
			0.135729 0.008131 0.039071
			0.131055 0.007939 0.038560
			0.123264 0.011451 0.036464
			0.103215 0.015927 0.032549
			0.099588 0.018853 0.031154
			0.095964 0.019936 0.030358
			0.088973 0.022862 0.028550
			0.086066 0.022737 0.028234
			0.142692 0.003028 0.040323
			0.141305 0.004182 0.039033
			0.139095 0.004817 0.038529
			0.137130 0.005651 0.037729
			0.134621 0.006339 0.037198
			0.129253 0.008493 0.035181
			0.117388 0.010817 0.033857
			0.109279 0.013365 0.031721
			0.099243 0.016469 0.029137
			0.091416 0.019862 0.025871
			0.087902 0.020408 0.025663
			0.142831 0.001792 0.039591
			0.141275 0.002280 0.037945
			0.139542 0.002724 0.038237
			0.138155 0.003099 0.038037
			0.137664 0.003303 0.036428
			0.134623 0.004170 0.035032
			0.131158 0.005031 0.036180
			0.118643 0.008414 0.034472
			0.102082 0.012994 0.029934
			0.093095 0.015590 0.025116
			0.089025 0.016687 0.024630
			0.141065 0.000797 0.039698
			0.138644 0.000515 0.037825
			0.135734 0.001311 0.037208
			0.134124 0.002146 0.037434
			0.133669 0.002245 0.037300
			0.125115 0.004481 0.035339
			0.114907 0.007170 0.033028
			0.100600 0.009039 0.027051
			0.090293 0.011309 0.024076
			0.083673 0.013173 0.022750
			0.082688 0.013889 0.023184
			0.139281 0.000328 0.040551
			0.135841 -0.000695 0.039201
			0.131505 -0.000133 0.038086
			0.129908 0.001554 0.038144
			0.130040 0.002858 0.038595
			0.116186 0.007007 0.035777
			0.098450 0.009718 0.031344
			0.080580 0.006750 0.025075
			0.076537 0.006964 0.023935
			0.073428 0.010763 0.024210
			0.075694 0.011304 0.025057
			0.138972 0.000342 0.041998
			0.135270 -0.000668 0.041871
			0.130851 -0.000103 0.041145
			0.129420 0.001576 0.040425
			0.129731 0.002872 0.040043
			0.115925 0.007019 0.037001
			0.097905 0.009743 0.033904
			0.078988 0.006824 0.032529
			0.074827 0.007043 0.031946
			0.072108 0.010823 0.030386
			0.074530 0.011357 0.030510
			0.138980 0.000677 0.043866
			0.135915 0.000622 0.044366
			0.132878 0.001424 0.043762
			0.131260 0.002523 0.042577
			0.130080 0.002995 0.042134
			0.121888 0.005862 0.039597
			0.099401 0.011302 0.035758
			0.077858 0.012493 0.037250
			0.070714 0.014538 0.035624
			0.070537 0.016195 0.033519
			0.073596 0.015894 0.033476
			0.116349 0.036186 -0.018171
			0.116588 0.033060 -0.016669
			0.116783 0.033061 -0.019936
			0.112561 0.033068 -0.021188
			0.107732 0.033076 -0.022229
			0.111403 0.033069 -0.018219
			0.116689 0.033060 -0.016524
			0.115930 0.028686 -0.015136
			0.116688 0.028687 -0.022681
			0.109401 0.028699 -0.024537
			0.104640 0.028707 -0.026328
			0.100874 0.028712 -0.025850
			0.105765 0.028703 -0.020482
			0.109163 0.028697 -0.016711
			0.116171 0.023686 -0.016553
			0.119027 0.023682 -0.019793
			0.118998 0.023683 -0.024305
			0.115130 0.023690 -0.027207
			0.111926 0.023696 -0.028471
			0.108715 0.023701 -0.027895
			0.105586 0.023706 -0.029589
			0.097922 0.023718 -0.029671
			0.096608 0.023719 -0.027618
			0.103777 0.023707 -0.022927
			0.107449 0.023700 -0.018916
			0.118009 0.017433 -0.016229
			0.120452 0.017430 -0.019288
			0.120489 0.017433 -0.028865
			0.116797 0.017439 -0.030594
			0.108235 0.017451 -0.028106
			0.101018 0.017464 -0.032171
			0.095975 0.017471 -0.032362
			0.096924 0.017470 -0.029466
			0.094802 0.017471 -0.025714
			0.096222 0.017470 -0.024766
			0.099169 0.017465 -0.025643
			0.107041 0.017451 -0.021336
			0.114399 0.011189 -0.017055
			0.118957 0.011184 -0.024185
			0.118004 0.011186 -0.028859
			0.111465 0.011198 -0.033884
			0.103420 0.011211 -0.035048
			0.097395 0.011220 -0.035793
			0.095178 0.011224 -0.035105
			0.096132 0.011221 -0.030430
			0.093481 0.011224 -0.026201
			0.093461 0.011223 -0.023920
			0.095844 0.011219 -0.022675
			0.097855 0.011216 -0.023653
			0.102447 0.011209 -0.023415
			0.106807 0.011201 -0.019346
			0.111769 0.008070 -0.026277
			0.112909 0.008070 -0.029504
			0.107057 0.008080 -0.033391
			0.102459 0.008087 -0.035027
			0.098458 0.008093 -0.033575
			0.098963 0.008091 -0.029234
			0.101225 0.008087 -0.027311
			0.107866 0.008077 -0.027537
			0.105722 0.006518 -0.030516
			0.106320 0.025885 -0.013821
			0.105717 0.016329 -0.010297
			0.105914 0.021829 -0.011450
			0.105240 0.027948 -0.007519
			0.105032 0.030973 -0.006299
			0.105310 0.033998 -0.007926
			0.106088 0.033242 -0.012466
			0.106889 0.032485 -0.017142
			0.107296 0.027055 -0.019513
			0.106797 0.020935 -0.016599
			0.106135 0.016191 -0.012737
			0.100588 0.019355 -0.010898
			0.100657 0.023754 -0.011305
			0.099972 0.031179 -0.007307
			0.099623 0.032898 -0.005274
			0.099821 0.037848 -0.006425
			0.101111 0.036473 -0.013948
			0.102063 0.035785 -0.019504
			0.102343 0.031729 -0.021130
			0.102458 0.028842 -0.021807
			0.101680 0.024510 -0.017267
			0.101203 0.019767 -0.014489
			0.095448 0.020798 -0.011429
			0.095495 0.027192 -0.011701
			0.094971 0.032073 -0.008651
			0.094600 0.034135 -0.006483
			0.094646 0.037367 -0.006754
			0.095204 0.037367 -0.010007
			0.095831 0.037848 -0.013666
			0.096633 0.036061 -0.018342
			0.096830 0.032623 -0.019495
			0.096423 0.027055 -0.017121
			0.096121 0.022310 -0.015361
			0.090191 0.017979 -0.011285
			0.090017 0.020661 -0.010268
			0.089890 0.027467 -0.009523
			0.089413 0.031867 -0.006744
			0.089367 0.034892 -0.006474
			0.090923 0.035442 -0.015554
			0.091400 0.031454 -0.018332
			0.090818 0.021279 -0.014944
			0.090517 0.027948 -0.013182
			0.089155 0.032448 0.000007
			0.097298 0.031823 0.008170
			0.094692 0.031823 0.008917
			0.087509 0.031823 0.004667
			0.080962 0.031823 0.004718
			0.078178 0.031823 0.000357
			0.077033 0.031823 -0.005748
			0.081891 0.031823 -0.006667
			0.084975 0.031823 -0.004727
			0.092108 0.031823 -0.005946
			0.097424 0.031823 -0.005135
			0.099361 0.031823 -0.001367
			0.097349 0.031823 0.003927
			0.098489 0.026198 0.008254
			0.093628 0.026198 0.007397
			0.089122 0.026198 0.002351
			0.084279 0.026198 0.003908
			0.080835 0.026198 0.002919
			0.080028 0.026198 -0.000778
			0.078517 0.026198 -0.004090
			0.081305 0.026198 -0.004423
			0.084954 0.026198 -0.005683
			0.090187 0.026198 -0.003683
			0.096563 0.026198 -0.003129
			0.098257 0.026198 -0.001942
			0.098001 0.026198 0.003471
			0.098523 0.019948 0.008068
			0.094652 0.019948 0.007704
			0.088960 0.019948 0.003274
			0.086110 0.019948 0.004675
			0.082961 0.019948 0.002024
			0.079919 0.019948 -0.000161
			0.079727 0.019948 -0.003748
			0.083663 0.019948 -0.003753
			0.089741 0.019948 -0.001158
			0.096142 0.019948 -0.000030
			0.097197 0.019948 0.002630
			0.093283 0.013698 0.003591
			0.088156 0.013698 0.002433
			0.085097 0.013698 0.003227
			0.081700 0.013698 -0.001624
			0.084361 0.013698 -0.003757
			0.087691 0.013698 -0.002852
			0.089600 0.013698 -0.000358
			0.093626 0.013698 0.000922
			0.088540 0.012135 0.000977
			0.059094 0.018403 0.021487
			0.059276 0.015652 0.020451
			0.060595 0.020748 0.021877
			0.060241 0.017546 0.023888
			0.059865 0.015516 0.026021
			0.060563 0.011321 0.022060
			0.061240 0.012719 0.018221
			0.061380 0.016599 0.017429
			0.065885 0.026116 0.018600
			0.065530 0.019485 0.020611
			0.064950 0.016012 0.023901
			0.064585 0.012404 0.025973
			0.065112 0.009968 0.022987
			0.065788 0.010554 0.019148
			0.066465 0.012042 0.015310
			0.067411 0.009878 0.009948
			0.068270 0.009968 0.005073
			0.068506 0.016102 0.003732
			0.067808 0.022011 0.007692
			0.066734 0.025530 0.013786
			0.072323 0.029319 0.017723
			0.071603 0.028958 0.021807
			0.071259 0.025168 0.023758
			0.071044 0.018223 0.024975
			0.071119 0.012810 0.024549
			0.071860 0.010374 0.020345
			0.072946 0.010554 0.014191
			0.074439 0.008118 0.005721
			0.074901 0.009878 0.003100
			0.074547 0.014253 0.005112
			0.074826 0.022327 0.003527
			0.074686 0.025349 0.004318
			0.073623 0.029364 0.010351
			0.078695 0.026116 0.017214
			0.077857 0.023770 0.021967
			0.077373 0.018042 0.024710
			0.077373 0.013306 0.024710
			0.077460 0.009968 0.024221
			0.078115 0.008614 0.020505
			0.079253 0.009607 0.014046
			0.080479 0.007938 0.007100
			0.080951 0.006855 0.004418
			0.081059 0.008028 0.003809
			0.080790 0.014253 0.005332
			0.080919 0.021335 0.004601
			0.080790 0.023500 0.005332
			0.079619 0.026522 0.011974
			0.085273 0.025710 0.015546
			0.084746 0.022327 0.018534
			0.084155 0.016418 0.021884
			0.083865 0.013802 0.023529
			0.083833 0.010193 0.023713
			0.085014 0.010554 0.017010
			0.085950 0.009607 0.011708
			0.086551 0.009607 0.008296
			0.086788 0.012539 0.006955
			0.086433 0.017636 0.008966
			0.086454 0.024086 0.008845
			0.086047 0.025530 0.011159
			0.085251 0.025755 0.015669
			0.086119 0.017320 0.014313
			0.088646 0.026495 -0.038048
			0.094428 0.028315 -0.033456
			0.091068 0.033648 -0.035021
			0.083883 0.031319 -0.038372
			0.083497 0.027774 -0.038553
			0.082033 0.024845 -0.039235
			0.083289 0.021699 -0.038649
			0.089298 0.020536 -0.035848
			0.091333 0.022005 -0.034899
			0.092194 0.027808 -0.028807
			0.090874 0.032529 -0.029422
			0.089105 0.037192 -0.030249
			0.085705 0.037407 -0.031833
			0.083841 0.035713 -0.032703
			0.080564 0.033116 -0.034230
			0.082447 0.028790 -0.033352
			0.082470 0.021928 -0.033342
			0.080614 0.017929 -0.034208
			0.084192 0.014565 -0.032539
			0.086966 0.015192 -0.031245
			0.089665 0.021275 -0.029987
			0.091952 0.027086 -0.021334
			0.092048 0.032599 -0.021289
			0.091574 0.039122 -0.021511
			0.088060 0.039955 -0.023149
			0.083869 0.039717 -0.025104
			0.080192 0.038243 -0.026818
			0.079859 0.036047 -0.026974
			0.081694 0.028797 -0.026118
			0.080640 0.021988 -0.026609
			0.077204 0.015958 -0.028212
			0.079705 0.013659 -0.027046
			0.082764 0.013107 -0.025619
			0.086889 0.016494 -0.023695
			0.089368 0.020046 -0.022539
			0.089438 0.028549 -0.014921
			0.089021 0.035242 -0.015116
			0.086406 0.038271 -0.016335
			0.082448 0.035952 -0.018182
			0.079051 0.035491 -0.019766
			0.075606 0.032500 -0.021372
			0.076869 0.026935 -0.020782
			0.076144 0.023445 -0.021121
			0.079728 0.018563 -0.019449
			0.082049 0.018570 -0.018366
			0.083737 0.022344 -0.017580
			0.085398 0.029165 -0.009219
			0.085895 0.033273 -0.008988
			0.083111 0.035963 -0.010287
			0.077620 0.034878 -0.012847
			0.073661 0.033234 -0.014692
			0.071004 0.031538 -0.015931
			0.071635 0.028784 -0.015638
			0.077030 0.024244 -0.013121
			0.079132 0.022451 -0.012141
			0.081336 0.023921 -0.011113
			0.078643 0.028927 -0.004784
			0.077505 0.030274 -0.005314
			0.073876 0.030938 -0.007006
			0.069802 0.029969 -0.008906
			0.073887 0.027675 -0.007001
			0.077629 0.026843 -0.005256
			0.075197 0.028525 -0.004493
			-0.009800 0.006447 -0.006334
			-0.008845 0.009352 -0.003246
			-0.007966 0.008535 -0.006963
			-0.005553 0.003581 -0.013011
			-0.004554 0.001729 -0.015819
			-0.005792 0.002438 -0.009880
			-0.007385 0.004887 -0.004639
			-0.008750 0.008045 -0.001771
			-0.005386 0.018339 0.002249
			-0.004961 0.019645 -0.002182
			-0.002030 0.016106 -0.013341
			0.000369 0.010554 -0.018377
			0.003472 0.001299 -0.021701
			0.005396 -0.005126 -0.022695
			0.006055 -0.008774 -0.020801
			0.004765 -0.007630 -0.015254
			0.002472 -0.005398 -0.005694
			0.001215 -0.002894 -0.002425
			-0.001094 0.002605 0.002182
			-0.004306 0.012187 0.005613
			-0.005200 0.015944 0.004885
			0.000774 0.028380 0.003779
			0.000914 0.029905 0.000632
			0.002672 0.029905 -0.009340
			0.004183 0.027182 -0.013706
			0.005860 0.022718 -0.016330
			0.008739 0.014443 -0.019884
			0.011647 0.006712 -0.024448
			0.013754 -0.000202 -0.025727
			0.014986 -0.006517 -0.022971
			0.014843 -0.009839 -0.017031
			0.013681 -0.009512 -0.010952
			0.012405 -0.007715 -0.006482
			0.010273 -0.003959 -0.000194
			0.008775 -0.001945 0.005191
			0.007818 0.000287 0.007181
			0.006332 0.006168 0.006536
			0.004266 0.011775 0.009599
			0.003186 0.014715 0.011186
			0.001943 0.019506 0.010841
			0.008239 0.033522 0.005478
			0.010963 0.033685 -0.010226
			0.012109 0.031888 -0.013958
			0.016285 0.018822 -0.017475
			0.021396 0.003850 -0.023364
			0.023139 -0.000777 -0.026103
			0.024313 -0.005678 -0.025198
			0.024253 -0.008781 -0.020068
			0.023393 -0.007910 -0.016538
			0.020286 -0.004153 -0.004710
			0.017762 -0.001703 0.005824
			0.016829 -0.001377 0.010609
			0.015774 0.001019 0.012899
			0.014776 0.005701 0.011327
			0.013006 0.012125 0.011458
			0.011349 0.017787 0.012118
			0.009770 0.024593 0.010570
			0.016899 0.035777 0.004846
			0.017004 0.037356 0.001818
			0.019300 0.037247 -0.011041
			0.020443 0.035342 -0.014584
			0.021798 0.030986 -0.015550
			0.026402 0.015307 -0.017468
			0.029824 0.005507 -0.021751
			0.030491 0.002893 -0.021506
			0.030199 0.001370 -0.017496
			0.026774 0.001478 0.001763
			0.025890 0.000552 0.008208
			0.025198 0.000335 0.012466
			0.023705 0.004309 0.014804
			0.023250 0.006813 0.013518
			0.021741 0.014054 0.010903
			0.018936 0.024399 0.010853
			0.017396 0.031422 0.008743
			0.025247 0.037815 0.006318
			0.025696 0.038414 0.002844
			0.027299 0.038306 -0.006077
			0.027691 0.039122 -0.009561
			0.030129 0.035148 -0.017255
			0.031377 0.031118 -0.018114
			0.034351 0.018162 -0.014987
			0.036801 0.011301 -0.018299
			0.037652 0.007545 -0.017324
			0.037155 0.007164 -0.013921
			0.035830 0.004822 -0.002795
			0.035187 0.005041 0.000519
			0.034800 0.003299 0.005401
			0.033746 0.004822 0.009023
			0.031641 0.010213 0.012649
			0.029073 0.017726 0.015624
			0.027698 0.023714 0.014176
			0.025655 0.033351 0.010896
			0.034757 0.035988 0.007171
			0.035031 0.037621 0.003092
			0.037840 0.034790 -0.008469
			0.039600 0.034083 -0.017361
			0.039879 0.035824 -0.021628
			0.040567 0.034572 -0.023601
			0.041697 0.029836 -0.022703
			0.042146 0.025263 -0.018182
			0.043691 0.016279 -0.013087
			0.044293 0.013993 -0.012980
			0.044551 0.011870 -0.011157
			0.043857 0.012686 -0.008488
			0.043857 0.008331 -0.001760
			0.043345 0.007187 0.002909
			0.042244 0.008930 0.006459
			0.040465 0.012958 0.010334
			0.037966 0.017695 0.017193
			0.036714 0.021125 0.019003
			0.036278 0.025699 0.014420
			0.034814 0.034083 0.009781
			0.043874 0.033181 0.011761
			0.045452 0.030567 0.006834
			0.046747 0.030350 -0.000172
			0.046620 0.033181 -0.003812
			0.047526 0.034596 -0.011141
			0.047277 0.040313 -0.018547
			0.047303 0.042109 -0.021461
			0.048252 0.043035 -0.028275
			0.049123 0.040803 -0.029771
			0.051378 0.029751 -0.025503
			0.051969 0.027138 -0.024827
			0.051788 0.024905 -0.020354
			0.051332 0.021530 -0.012563
			0.052417 0.015650 -0.009643
			0.052520 0.012384 -0.005183
			0.052469 0.010478 -0.001956
			0.050994 0.010968 0.005655
			0.048851 0.015922 0.010163
			0.046958 0.019515 0.015350
			0.045631 0.021421 0.019941
			0.044805 0.024469 0.019921
			0.044280 0.029751 0.014753
			0.052572 0.033313 0.014184
			0.052701 0.034021 0.012365
			0.053657 0.034838 0.005679
			0.053788 0.037178 0.001324
			0.055299 0.034130 -0.002536
			0.057503 0.032442 -0.012428
			0.058934 0.030101 -0.016935
			0.059485 0.027434 -0.015950
			0.059073 0.026944 -0.012849
			0.059527 0.022098 -0.007946
			0.060071 0.015673 -0.001123
			0.059597 0.011590 0.007869
			0.058739 0.011590 0.012732
			0.057997 0.013333 0.014252
			0.057019 0.018069 0.012491
			0.055374 0.022697 0.014677
			0.053537 0.027434 0.017781
			0.053027 0.030482 0.015977
			0.060028 0.032991 0.011372
			0.060101 0.036748 0.005165
			0.060658 0.037020 0.001583
			0.063056 0.032991 -0.005801
			0.064011 0.030976 -0.008106
			0.065459 0.025695 -0.008168
			0.065738 0.024062 -0.007231
			0.064097 0.028635 -0.004982
			0.062797 0.030268 -0.000134
			0.061771 0.029343 0.007111
			0.061480 0.028145 0.010613
			0.060959 0.028309 0.013313
			0.060414 0.030051 0.013725
			0.062657 0.033337 0.008916
			0.063076 0.036114 0.002263
			0.064369 0.033881 -0.001634
