			0.076918 -0.003002 -0.015495
			0.073107 -0.003002 -0.010836
			0.065321 -0.003002 -0.008147
			0.064845 -0.003002 -0.012039
			0.059415 -0.003002 -0.010458
			0.053303 -0.003002 -0.005950
			0.050849 -0.003002 -0.009936
			0.052747 -0.003002 -0.019757
			0.074192 -0.001559 -0.012278
			0.066554 -0.000677 -0.011366
			0.062511 -0.001198 -0.013414
			0.057195 0.000084 -0.011065
			0.052375 0.000604 -0.010580
			0.051152 0.000084 -0.012131
			0.075429 -0.001057 -0.014580
			0.067935 -0.000279 -0.015432
			0.060495 -0.000019 -0.016587
			0.055688 0.002834 -0.015709
			0.051780 0.001666 -0.017103
			0.051927 0.001796 -0.016998
			0.075831 -0.001057 -0.016863
			0.068498 -0.000279 -0.018627
			0.061112 -0.000019 -0.020086
			0.056895 0.002834 -0.022555
			0.052746 0.001666 -0.022581
			0.052920 0.001796 -0.022628
			0.075967 -0.001679 -0.019051
			0.070689 -0.001039 -0.021624
			0.063738 -0.001639 -0.021311
			0.059370 -0.000757 -0.024339
			0.055149 -0.000276 -0.026316
			0.053432 -0.000517 -0.026003
			0.075927 -0.003002 -0.020239
			0.072656 -0.003002 -0.023354
			0.065955 -0.003002 -0.020220
			0.060958 -0.003002 -0.021101
			0.057036 -0.003002 -0.027124
			0.053349 -0.003002 -0.025997
			0.075214 -0.004444 -0.019492
			0.070314 -0.005767 -0.023745
			0.066620 -0.004325 -0.020699
			0.061506 -0.004605 -0.022320
			0.057497 -0.006488 -0.027853
			0.053450 -0.005527 -0.026102
			0.074260 -0.005337 -0.017376
			0.067316 -0.008320 -0.020405
			0.066900 -0.005856 -0.018986
			0.061516 -0.006763 -0.020486
			0.057029 -0.010135 -0.023316
			0.052934 -0.007930 -0.022705
			0.073777 -0.005337 -0.014637
			0.066216 -0.008320 -0.014165
			0.066310 -0.005856 -0.015639
			0.060738 -0.006763 -0.016073
			0.055553 -0.010135 -0.014947
			0.051914 -0.007930 -0.016922
			0.073334 -0.004565 -0.012122
			0.065478 -0.006128 -0.009502
			0.065430 -0.004766 -0.013003
			0.059894 -0.005447 -0.012232
			0.054055 -0.007370 -0.008333
			0.051135 -0.006128 -0.012031
			0.071325 -0.003002 0.013206
			0.070067 -0.003002 0.014744
			0.067498 -0.003002 0.015631
			0.067341 -0.003002 0.014347
			0.065549 -0.003002 0.014868
			0.063532 -0.003002 0.016356
			0.062722 -0.003002 0.015041
			0.063348 -0.003002 0.011800
			0.070425 -0.002526 0.014268
			0.067905 -0.002235 0.014569
			0.066571 -0.002406 0.013893
			0.064816 -0.001984 0.014668
			0.063226 -0.001812 0.014827
			0.062822 -0.001984 0.014317
			0.070833 -0.002360 0.013507
			0.068361 -0.002103 0.013227
			0.065905 -0.002017 0.012847
			0.064319 -0.001077 0.013135
			0.063029 -0.001461 0.012676
			0.063078 -0.001419 0.012710
			0.070966 -0.002360 0.012755
			0.068546 -0.002103 0.012173
			0.066109 -0.002017 0.011691
			0.064717 -0.001077 0.010876
			0.063348 -0.001461 0.010867
			0.063406 -0.001419 0.010852
			0.071011 -0.002566 0.012033
			0.069269 -0.002354 0.011183
			0.066975 -0.002552 0.011288
			0.065534 -0.002262 0.010288
			0.064141 -0.002103 0.009635
			0.063575 -0.002182 0.009739
			0.070998 -0.003002 0.011642
			0.069918 -0.003002 0.010613
			0.067707 -0.003002 0.011647
			0.066058 -0.003002 0.011356
			0.064764 -0.003002 0.009369
			0.063547 -0.003002 0.009740
			0.070763 -0.003478 0.011887
			0.069146 -0.003915 0.010483
			0.067927 -0.003439 0.011489
			0.066239 -0.003531 0.010954
			0.064916 -0.004153 0.009127
			0.063580 -0.003835 0.009706
			0.070448 -0.003773 0.012585
			0.068156 -0.004757 0.011586
			0.068019 -0.003944 0.012055
			0.066242 -0.004243 0.011559
			0.064762 -0.005356 0.010625
			0.063410 -0.004628 0.010827
			0.070288 -0.003773 0.013489
			0.067793 -0.004757 0.013646
			0.067824 -0.003944 0.013159
			0.065985 -0.004243 0.013016
			0.064275 -0.005356 0.013388
			0.063074 -0.004628 0.012735
			0.070142 -0.003518 0.014320
			0.067550 -0.004033 0.015184
			0.067534 -0.003584 0.014029
			0.065707 -0.003808 0.014283
			0.063780 -0.004443 0.015570
			0.062817 -0.004033 0.014349
			0.050654 -0.003002 0.026062
			0.049396 -0.003002 0.027600
			0.046827 -0.003002 0.028487
			0.046669 -0.003002 0.027202
			0.044877 -0.003002 0.027724
			0.042860 -0.003002 0.029212
			0.042051 -0.003002 0.027896
			0.042677 -0.003002 0.024655
			0.049754 -0.002526 0.027123
			0.047233 -0.002235 0.027425
			0.045899 -0.002406 0.026749
			0.044145 -0.001984 0.027524
			0.042554 -0.001812 0.027684
			0.042151 -0.001984 0.027172
			0.050162 -0.002360 0.026364
			0.047689 -0.002103 0.026083
			0.045234 -0.002017 0.025702
			0.043647 -0.001077 0.025992
			0.042358 -0.001461 0.025531
			0.042407 -0.001419 0.025566
			0.050295 -0.002360 0.025611
			0.047875 -0.002103 0.025029
			0.045438 -0.002017 0.024547
			0.044046 -0.001077 0.023732
			0.042677 -0.001461 0.023723
			0.042734 -0.001419 0.023708
			0.050340 -0.002566 0.024889
			0.048598 -0.002354 0.024039
			0.046304 -0.002552 0.024142
			0.044863 -0.002262 0.023143
			0.043470 -0.002103 0.022491
			0.042903 -0.002182 0.022594
			0.050327 -0.003002 0.024496
			0.049247 -0.003002 0.023468
			0.047036 -0.003002 0.024503
			0.045387 -0.003002 0.024212
			0.044093 -0.003002 0.022224
			0.042875 -0.003002 0.022597
			0.050091 -0.003478 0.024743
			0.048474 -0.003915 0.023340
			0.047255 -0.003439 0.024345
			0.045568 -0.003531 0.023810
			0.044245 -0.004153 0.021984
			0.042909 -0.003835 0.022562
			0.049776 -0.003773 0.025441
			0.047485 -0.004757 0.024442
			0.047348 -0.003944 0.024910
			0.045571 -0.004243 0.024415
			0.044090 -0.005356 0.023481
			0.042739 -0.004628 0.023682
			0.049617 -0.003773 0.026345
			0.047122 -0.004757 0.026500
			0.047153 -0.003944 0.026014
			0.045314 -0.004243 0.025872
			0.043603 -0.005356 0.026242
			0.042402 -0.004628 0.025591
			0.049471 -0.003518 0.027175
			0.046878 -0.004033 0.028039
			0.046862 -0.003584 0.026884
			0.045036 -0.003808 0.027139
			0.043109 -0.004443 0.028426
			0.042145 -0.004033 0.027205
			0.034291 -0.003002 0.039677
			0.033033 -0.003002 0.041215
			0.030464 -0.003002 0.042102
			0.030306 -0.003002 0.040818
			0.028515 -0.003002 0.041340
			0.026498 -0.003002 0.042827
			0.025688 -0.003002 0.041511
			0.026314 -0.003002 0.038271
			0.033391 -0.002526 0.040738
			0.030870 -0.002235 0.041040
			0.029536 -0.002406 0.040364
			0.027782 -0.001984 0.041139
			0.026191 -0.001812 0.041300
			0.025788 -0.001984 0.040788
			0.033799 -0.002360 0.039979
			0.031326 -0.002103 0.039698
			0.028871 -0.002017 0.039318
			0.027285 -0.001077 0.039607
			0.025995 -0.001461 0.039148
			0.026044 -0.001419 0.039182
			0.033932 -0.002360 0.039226
			0.031512 -0.002103 0.038644
			0.029075 -0.002017 0.038163
			0.027683 -0.001077 0.037348
			0.026314 -0.001461 0.037340
			0.026371 -0.001419 0.037323
			0.033977 -0.002566 0.038504
			0.032235 -0.002354 0.037655
			0.029941 -0.002552 0.037759
			0.028500 -0.002262 0.036759
			0.027107 -0.002103 0.036107
			0.026540 -0.002182 0.036210
			0.033964 -0.003002 0.038112
			0.032884 -0.003002 0.037084
			0.030673 -0.003002 0.038118
			0.029024 -0.003002 0.037828
			0.027730 -0.003002 0.035840
			0.026513 -0.003002 0.036212
			0.033728 -0.003478 0.038359
			0.032111 -0.003915 0.036956
			0.030893 -0.003439 0.037960
			0.029205 -0.003531 0.037426
			0.027882 -0.004153 0.035598
			0.026546 -0.003835 0.036177
			0.033413 -0.003773 0.039057
			0.031122 -0.004757 0.038058
			0.030985 -0.003944 0.038526
			0.029208 -0.004243 0.038031
			0.027727 -0.005356 0.037096
			0.026376 -0.004628 0.037298
			0.033254 -0.003773 0.039961
			0.030759 -0.004757 0.040116
			0.030790 -0.003944 0.039631
			0.028951 -0.004243 0.039487
			0.027241 -0.005356 0.039858
			0.026039 -0.004628 0.039206
			0.033108 -0.003518 0.040791
			0.030515 -0.004033 0.041655
			0.030499 -0.003584 0.040500
			0.028673 -0.003808 0.040754
			0.026746 -0.004443 0.042041
			0.025782 -0.004033 0.040820
			0.019593 -0.003002 0.051049
			0.018335 -0.003002 0.052586
			0.015766 -0.003002 0.053473
			0.015609 -0.003002 0.052188
			0.013817 -0.003002 0.052710
			0.011800 -0.003002 0.054198
			0.010990 -0.003002 0.052883
			0.011616 -0.003002 0.049642
			0.018693 -0.002526 0.052110
			0.016173 -0.002235 0.052411
			0.014839 -0.002406 0.051735
			0.013084 -0.001984 0.052510
			0.011494 -0.001812 0.052669
			0.011090 -0.001984 0.052158
			0.019101 -0.002360 0.051349
			0.016628 -0.002103 0.051069
			0.014173 -0.002017 0.050688
			0.012587 -0.001077 0.050977
			0.011297 -0.001461 0.050517
			0.011346 -0.001419 0.050551
			0.019234 -0.002360 0.050597
			0.016814 -0.002103 0.050015
			0.014377 -0.002017 0.049533
			0.012985 -0.001077 0.048718
			0.011616 -0.001461 0.048710
			0.011674 -0.001419 0.048694
			0.019279 -0.002566 0.049875
			0.017537 -0.002354 0.049025
			0.015243 -0.002552 0.049128
			0.013802 -0.002262 0.048130
			0.012409 -0.002103 0.047477
			0.011843 -0.002182 0.047580
			0.019266 -0.003002 0.049482
			0.018186 -0.003002 0.048455
			0.015975 -0.003002 0.049488
			0.014327 -0.003002 0.049197
			0.013032 -0.003002 0.047210
			0.011815 -0.003002 0.047582
			0.019031 -0.003478 0.049729
			0.017414 -0.003915 0.048326
			0.016195 -0.003439 0.049331
			0.014507 -0.003531 0.048795
			0.013184 -0.004153 0.046969
			0.011848 -0.003835 0.047548
			0.018716 -0.003773 0.050428
			0.016424 -0.004757 0.049428
			0.016287 -0.003944 0.049895
			0.014510 -0.004243 0.049401
			0.013030 -0.005356 0.048467
			0.011678 -0.004628 0.048669
			0.018556 -0.003773 0.051331
			0.016061 -0.004757 0.051487
			0.016092 -0.003944 0.051000
			0.014253 -0.004243 0.050858
			0.012543 -0.005356 0.051228
			0.011341 -0.004628 0.050578
			0.018410 -0.003518 0.052161
			0.015817 -0.004033 0.053025
			0.015802 -0.003584 0.051871
			0.013975 -0.003808 0.052125
			0.012048 -0.004443 0.053412
			0.011084 -0.004033 0.052191
			0.061408 -0.003002 0.010900
			0.060635 -0.003002 0.014350
			0.059030 -0.003002 0.015036
			0.055801 -0.003002 0.013692
			0.051657 -0.003002 0.012865
			0.047636 -0.003002 0.012737
			0.044876 -0.003002 0.013414
			0.043541 -0.003002 0.011628
			0.044285 -0.003002 0.007881
			0.061080 -0.001391 0.013469
			0.059584 -0.000910 0.013990
			0.055983 -0.000910 0.013355
			0.052029 -0.000934 0.012619
			0.047922 -0.000693 0.012286
			0.045648 -0.000429 0.012317
			0.043895 -0.001031 0.011028
			0.061655 -0.000668 0.011843
			0.060323 0.000111 0.011907
			0.056442 0.000733 0.011462
			0.052681 0.000733 0.010799
			0.048500 0.001044 0.010183
			0.046664 0.000966 0.009828
			0.044470 0.000266 0.009171
			0.061963 -0.000668 0.010099
			0.060732 0.000111 0.009584
			0.056934 0.000733 0.008674
			0.053173 0.000733 0.008011
			0.049032 0.001044 0.007160
			0.047187 0.000966 0.006865
			0.044900 0.000266 0.006731
			0.062137 -0.001679 0.008872
			0.060864 -0.001222 0.007904
			0.057669 -0.001776 0.008241
			0.053069 -0.001776 0.007430
			0.049128 -0.001271 0.005913
			0.047162 -0.000862 0.004899
			0.044901 -0.001367 0.005324
			0.062142 -0.003002 0.008607
			0.060772 -0.003002 0.007493
			0.058017 -0.003002 0.010012
			0.052577 -0.003002 0.009052
			0.048857 -0.003002 0.006749
			0.046835 -0.003002 0.004648
			0.044635 -0.003002 0.005423
			0.061597 -0.004396 0.008660
			0.060284 -0.004998 0.007448
			0.057222 -0.003916 0.008672
			0.052569 -0.003868 0.007930
			0.048821 -0.004493 0.006251
			0.046628 -0.005238 0.004649
			0.044728 -0.004589 0.005372
			0.060857 -0.005570 0.009816
			0.059499 -0.006814 0.009096
			0.056146 -0.005726 0.008924
			0.052295 -0.005570 0.008306
			0.048501 -0.006270 0.007366
			0.046086 -0.007282 0.006551
			0.044570 -0.006115 0.006734
			0.060519 -0.005570 0.011732
			0.058997 -0.006814 0.011943
			0.055788 -0.005726 0.010958
			0.051957 -0.005570 0.010223
			0.048070 -0.006270 0.009806
			0.045523 -0.007282 0.009747
			0.044160 -0.006115 0.009057
			0.060499 -0.004686 0.013484
			0.058884 -0.005310 0.014219
			0.055711 -0.004781 0.012798
			0.051730 -0.004710 0.011978
			0.047749 -0.005070 0.011864
			0.045061 -0.005671 0.012370
			0.043749 -0.004926 0.010924
			0.040929 -0.003002 0.024314
			0.040302 -0.003002 0.027108
			0.039001 -0.003002 0.027664
			0.036386 -0.003002 0.026574
			0.033030 -0.003002 0.025904
			0.029773 -0.003002 0.025801
			0.027539 -0.003002 0.026349
			0.026457 -0.003002 0.024902
			0.027059 -0.003002 0.021868
			0.040662 -0.001697 0.026395
			0.039452 -0.001307 0.026816
			0.036535 -0.001307 0.026302
			0.033333 -0.001327 0.025706
			0.030005 -0.001132 0.025437
			0.028162 -0.000918 0.025461
			0.026743 -0.001405 0.024417
			0.041128 -0.001111 0.025077
			0.040050 -0.000481 0.025129
			0.036905 0.000023 0.024769
			0.033860 0.000023 0.024232
			0.030473 0.000276 0.023732
			0.028986 0.000213 0.023445
			0.027208 -0.000354 0.022914
			0.041377 -0.001111 0.023666
			0.040382 -0.000481 0.023246
			0.037304 0.000023 0.022511
			0.034258 0.000023 0.021974
			0.030904 0.000276 0.021285
			0.029409 0.000213 0.021046
			0.027557 -0.000354 0.020937
			0.041519 -0.001931 0.022671
			0.040487 -0.001561 0.021886
			0.037900 -0.002009 0.022160
			0.034173 -0.002009 0.021503
			0.030982 -0.001599 0.020273
			0.029389 -0.001268 0.019453
			0.027558 -0.001677 0.019797
			0.041523 -0.003002 0.022456
			0.040413 -0.003002 0.021553
			0.038182 -0.003002 0.023594
			0.033774 -0.003002 0.022816
			0.030762 -0.003002 0.020950
			0.029124 -0.003002 0.019249
			0.027343 -0.003002 0.019877
			0.041081 -0.004132 0.022499
			0.040018 -0.004619 0.021517
			0.037538 -0.003742 0.022509
			0.033768 -0.003703 0.021908
			0.030733 -0.004210 0.020547
			0.028957 -0.004813 0.019250
			0.027417 -0.004287 0.019835
			0.040483 -0.005082 0.023435
			0.039382 -0.006091 0.022853
			0.036666 -0.005208 0.022713
			0.033547 -0.005082 0.022212
			0.030474 -0.005649 0.021452
			0.028519 -0.006469 0.020791
			0.027290 -0.005523 0.020938
			0.040209 -0.005082 0.024987
			0.038975 -0.006091 0.025158
			0.036375 -0.005208 0.024361
			0.033274 -0.005082 0.023764
			0.030125 -0.005649 0.023428
			0.028062 -0.006469 0.023379
			0.026958 -0.005523 0.022821
			0.040192 -0.004365 0.026406
			0.038884 -0.004872 0.027002
			0.036314 -0.004443 0.025850
			0.033089 -0.004385 0.025187
			0.029864 -0.004677 0.025094
			0.027688 -0.005164 0.025504
			0.026624 -0.004560 0.024332
			0.024118 -0.003002 0.038020
			0.023566 -0.003002 0.040537
			0.022500 -0.003002 0.041056
			0.020392 -0.003002 0.040120
			0.017674 -0.003002 0.039569
			0.015030 -0.003002 0.039526
			0.013205 -0.003002 0.040052
			0.012348 -0.003002 0.038771
			0.012884 -0.003002 0.036039
			0.023870 -0.001828 0.039891
			0.022879 -0.001477 0.040289
			0.020517 -0.001477 0.039872
			0.017923 -0.001495 0.039386
			0.015223 -0.001319 0.039195
			0.013725 -0.001126 0.039246
			0.012588 -0.001565 0.038330
			0.024269 -0.001301 0.038702
			0.023392 -0.000733 0.038765
			0.020842 -0.000279 0.038491
			0.018374 -0.000279 0.038056
			0.015629 -0.000052 0.037659
			0.014425 -0.000109 0.037425
			0.012990 -0.000620 0.036975
			0.024493 -0.001301 0.037431
			0.023690 -0.000733 0.037071
			0.021200 -0.000279 0.036457
			0.018732 -0.000279 0.036022
			0.016017 -0.000052 0.035456
			0.014806 -0.000109 0.035265
			0.013303 -0.000620 0.035196
			0.024623 -0.002038 0.036538
			0.023796 -0.001705 0.035849
			0.021690 -0.002108 0.036134
			0.018671 -0.002108 0.035602
			0.016096 -0.001740 0.034548
			0.014814 -0.001442 0.033836
			0.013321 -0.001810 0.034172
			0.024630 -0.003002 0.036344
			0.023741 -0.003002 0.035551
			0.021896 -0.003002 0.037416
			0.018327 -0.003002 0.036786
			0.015907 -0.003002 0.035159
			0.014602 -0.003002 0.033657
			0.013146 -0.003002 0.034248
			0.024270 -0.004018 0.036389
			0.023422 -0.004457 0.035525
			0.021390 -0.003668 0.036452
			0.018335 -0.003633 0.035972
			0.015890 -0.004088 0.034797
			0.014467 -0.004633 0.033660
			0.013206 -0.004158 0.034210
			0.023769 -0.004874 0.037238
			0.022883 -0.005782 0.036732
			0.020679 -0.004988 0.036649
			0.018151 -0.004874 0.036248
			0.015665 -0.005385 0.035612
			0.014086 -0.006122 0.035051
			0.013085 -0.005271 0.035201
			0.023522 -0.004874 0.038636
			0.022517 -0.005782 0.038808
			0.020418 -0.004988 0.038132
			0.017905 -0.004874 0.037645
			0.015351 -0.005385 0.037392
			0.013676 -0.006122 0.037380
			0.012786 -0.005271 0.036895
			0.023487 -0.004229 0.039910
			0.022415 -0.004684 0.040463
			0.020344 -0.004299 0.039469
			0.017734 -0.004247 0.038923
			0.015114 -0.004510 0.038890
			0.013339 -0.004947 0.039292
			0.012493 -0.004404 0.038257
			0.009906 -0.003002 0.049476
			0.009374 -0.003002 0.051997
			0.008488 -0.003002 0.052547
			0.006798 -0.003002 0.051685
			0.004599 -0.003002 0.051225
			0.002443 -0.003002 0.051269
			0.000937 -0.003002 0.051852
			0.000281 -0.003002 0.050606
			0.000806 -0.003002 0.047871
			0.009643 -0.001945 0.051344
			0.008822 -0.001629 0.051771
			0.006908 -0.001629 0.051434
			0.004808 -0.001645 0.051035
			0.002612 -0.001488 0.050934
			0.001389 -0.001314 0.051034
			0.000490 -0.001708 0.050159
			0.010007 -0.001471 0.050150
			0.009289 -0.000960 0.050241
			0.007219 -0.000551 0.050050
			0.005219 -0.000551 0.049697
			0.002993 -0.000348 0.049393
			0.002019 -0.000398 0.049199
			0.000861 -0.000857 0.048798
			0.010231 -0.001471 0.048878
			0.009588 -0.000960 0.048546
			0.007577 -0.000551 0.048018
			0.005578 -0.000551 0.047666
			0.003382 -0.000348 0.047190
			0.002400 -0.000398 0.047038
			0.001175 -0.000857 0.047019
			0.010367 -0.002134 0.047986
			0.009715 -0.001834 0.047327
			0.007987 -0.002197 0.047680
			0.005541 -0.002197 0.047249
			0.003476 -0.001867 0.046284
			0.002453 -0.001598 0.045618
			0.001223 -0.001930 0.046001
			0.010379 -0.003002 0.047792
			0.009679 -0.003002 0.047034
			0.008113 -0.003002 0.048948
			0.005222 -0.003002 0.048438
			0.003302 -0.003002 0.046899
			0.002286 -0.003002 0.045447
			0.001078 -0.003002 0.046082
			0.010083 -0.003917 0.047850
			0.009418 -0.004311 0.047018
			0.007732 -0.003602 0.048006
			0.005255 -0.003569 0.047627
			0.003300 -0.003981 0.046539
			0.002175 -0.004470 0.045454
			0.001129 -0.004044 0.046043
			0.009647 -0.004687 0.048710
			0.008941 -0.005503 0.048235
			0.007145 -0.004789 0.048224
			0.005096 -0.004687 0.047908
			0.003088 -0.005146 0.047357
			0.001819 -0.005810 0.046850
			0.000998 -0.005044 0.047032
			0.009401 -0.004687 0.050108
			0.008575 -0.005503 0.050311
			0.006884 -0.004789 0.049708
			0.004850 -0.004687 0.049305
			0.002775 -0.005146 0.049135
			0.001409 -0.005810 0.049179
			0.000699 -0.005044 0.048727
			0.009330 -0.004107 0.051376
			0.008437 -0.004517 0.051962
			0.006780 -0.004169 0.051040
			0.004669 -0.004122 0.050581
			0.002533 -0.004359 0.050634
			0.001071 -0.004753 0.051091
			0.000415 -0.004264 0.050090
			0.047797 -0.004823 -0.021963
			0.044341 -0.004467 -0.013965
			0.037773 -0.003313 -0.014414
			0.031891 -0.002248 -0.015857
			0.024947 -0.001004 -0.017081
			0.013196 0.000913 -0.013078
			0.008349 0.001836 -0.015754
			0.007857 0.002068 -0.020499
			0.011097 0.001748 -0.028434
			0.045759 -0.001364 -0.016464
			0.039792 -0.000188 -0.017312
			0.031268 0.001296 -0.018897
			0.023915 0.003391 -0.018719
			0.015292 0.005908 -0.018396
			0.009626 0.006664 -0.019886
			0.007716 0.005815 -0.022477
			0.047020 -0.000443 -0.020285
			0.041550 0.000390 -0.021312
			0.030455 0.002523 -0.023206
			0.023173 0.006459 -0.023363
			0.016818 0.006500 -0.024954
			0.010611 0.008050 -0.025859
			0.007671 0.007919 -0.026659
			0.047640 -0.000443 -0.023804
			0.042149 0.000390 -0.024710
			0.031076 0.002523 -0.026725
			0.024179 0.006459 -0.029068
			0.017663 0.006500 -0.029748
			0.011521 0.008050 -0.031018
			0.008484 0.007919 -0.031273
			0.046590 -0.001444 -0.027541
			0.041146 -0.000445 -0.028541
			0.033187 0.000376 -0.028920
			0.023113 0.003267 -0.032541
			0.017936 0.004483 -0.033945
			0.012545 0.005810 -0.035510
			0.009356 0.005247 -0.034146
			0.044995 -0.004094 -0.029848
			0.039591 -0.003118 -0.031105
			0.034858 -0.002355 -0.029206
			0.021424 0.000078 -0.032485
			0.017528 0.000860 -0.035907
			0.012824 0.001731 -0.037647
			0.009686 0.002174 -0.034352
			0.043495 -0.006866 -0.028045
			0.039010 -0.006257 -0.029205
			0.035548 -0.004339 -0.027358
			0.023949 -0.002305 -0.029485
			0.017292 -0.002736 -0.033731
			0.013434 -0.002803 -0.035845
			0.009228 -0.000405 -0.033473
			0.042034 -0.007959 -0.024762
			0.038421 -0.007750 -0.025586
			0.036375 -0.004971 -0.024915
			0.026804 -0.002746 -0.026384
			0.017038 -0.004507 -0.029608
			0.013779 -0.005825 -0.030995
			0.008594 -0.002118 -0.030721
			0.041424 -0.007959 -0.021302
			0.037747 -0.007750 -0.021764
			0.036054 -0.004971 -0.023094
			0.026558 -0.002746 -0.024988
			0.016278 -0.004507 -0.025298
			0.012740 -0.005825 -0.025108
			0.007963 -0.002118 -0.027140
			0.042584 -0.007318 -0.017066
			0.037434 -0.006710 -0.017442
			0.033720 -0.005152 -0.019612
			0.025514 -0.003513 -0.021345
			0.014273 -0.004108 -0.018904
			0.010070 -0.003549 -0.019317
			0.007610 -0.001080 -0.023191
			0.038761 -0.005388 0.006907
			0.037833 -0.005332 0.010330
			0.034831 -0.004823 0.010769
			0.028345 -0.003638 0.008850
			0.020166 -0.002171 0.007312
			0.012344 -0.000788 0.006515
			0.007102 0.000114 0.006753
			0.004215 0.000679 0.004693
			0.005036 0.000650 0.000960
			0.038855 -0.003667 0.009550
			0.036133 -0.002661 0.009855
			0.029041 -0.001391 0.008605
			0.021242 -0.000021 0.007190
			0.013262 0.001666 0.006175
			0.008904 0.002732 0.005838
			0.005175 0.002752 0.004200
			0.039840 -0.002975 0.007997
			0.037414 -0.001671 0.007867
			0.029927 0.000364 0.006787
			0.022520 0.001691 0.005481
			0.014363 0.003498 0.004163
			0.010729 0.004062 0.003492
			0.006229 0.004086 0.002429
			0.040147 -0.002975 0.006252
			0.037824 -0.001671 0.005544
			0.030419 0.000364 0.003999
			0.023012 0.001691 0.002693
			0.014896 0.003498 0.001141
			0.011251 0.004062 0.000529
			0.006659 0.004086 -0.000012
			0.040090 -0.004068 0.004984
			0.037547 -0.003074 0.003793
			0.031300 -0.002607 0.003592
			0.022238 -0.000985 0.001994
			0.014436 0.001007 -0.000204
			0.010531 0.002188 -0.001560
			0.006117 0.002383 -0.001515
			0.039807 -0.005501 0.004668
			0.036961 -0.004965 0.003294
			0.032035 -0.004175 0.005430
			0.021318 -0.002256 0.003541
			0.013719 -0.000845 0.000553
			0.009448 -0.000027 -0.001945
			0.005309 0.000679 -0.001511
			0.038491 -0.006843 0.004586
			0.035629 -0.006980 0.003101
			0.030097 -0.004822 0.003889
			0.020951 -0.003132 0.002355
			0.013284 -0.002434 -0.000015
			0.008622 -0.002403 -0.002053
			0.005177 -0.001086 -0.001602
			0.037025 -0.007944 0.005614
			0.034033 -0.008798 0.004606
			0.027707 -0.006449 0.003910
			0.020161 -0.004924 0.002640
			0.012510 -0.004336 0.001020
			0.007499 -0.004568 -0.000253
			0.004806 -0.002783 -0.000278
			0.036687 -0.007944 0.007530
			0.033531 -0.008798 0.007453
			0.027348 -0.006449 0.005943
			0.019823 -0.004924 0.004556
			0.012080 -0.004336 0.003460
			0.006935 -0.004568 0.002943
			0.004396 -0.002783 0.002046
			0.037106 -0.007075 0.009360
			0.033976 -0.007251 0.009827
			0.027683 -0.005501 0.007856
			0.019837 -0.004011 0.006354
			0.012024 -0.003037 0.005565
			0.006779 -0.002806 0.005620
			0.004134 -0.001454 0.003939
			0.021696 -0.004087 0.020399
			0.020799 -0.004037 0.023828
			0.018081 -0.003580 0.024317
			0.012257 -0.002513 0.022514
			0.004897 -0.001193 0.021120
			-0.002152 0.000052 0.020459
			-0.006890 0.000865 0.020786
			-0.009462 0.001372 0.018782
			-0.008658 0.001347 0.015047
			0.021766 -0.002363 0.023039
			0.019313 -0.001405 0.023390
			0.012929 -0.000263 0.022264
			0.005910 0.000968 0.020987
			-0.001274 0.002514 0.020112
			-0.005197 0.003502 0.019852
			-0.008549 0.003454 0.018281
			0.022696 -0.001660 0.021473
			0.020523 -0.000403 0.021390
			0.013792 0.001498 0.020442
			0.007125 0.002692 0.019267
			-0.000212 0.004352 0.018093
			-0.003484 0.004852 0.017487
			-0.007542 0.004796 0.016502
			0.023003 -0.001660 0.019731
			0.020933 -0.000403 0.019066
			0.014283 0.001498 0.017655
			0.007617 0.002692 0.016479
			0.000320 0.004352 0.015073
			-0.002961 0.004852 0.014523
			-0.007112 0.004796 0.014062
			0.022955 -0.002754 0.018465
			0.020687 -0.001810 0.017319
			0.015037 -0.001451 0.017225
			0.006882 0.000010 0.015787
			-0.000115 0.001857 0.013730
			-0.003611 0.002965 0.012447
			-0.007607 0.003086 0.012566
			0.022678 -0.004189 0.018149
			0.020133 -0.003707 0.016828
			0.015647 -0.002995 0.019041
			0.006002 -0.001268 0.017341
			-0.000808 0.000001 0.014492
			-0.004623 0.000738 0.012075
			-0.008368 0.001372 0.012578
			0.021466 -0.005550 0.018084
			0.018896 -0.005738 0.016651
			0.013906 -0.003679 0.017535
			0.005675 -0.002153 0.016163
			-0.001220 -0.001592 0.013928
			-0.005409 -0.001646 0.011974
			-0.008516 -0.000390 0.012484
			0.020102 -0.006670 0.019129
			0.017394 -0.007574 0.018172
			0.011713 -0.005341 0.017590
			0.004924 -0.003952 0.016453
			-0.001971 -0.003499 0.014968
			-0.006494 -0.003819 0.013781
			-0.008902 -0.002085 0.013805
			0.019763 -0.006670 0.021047
			0.016892 -0.007574 0.021020
			0.011355 -0.005341 0.019624
			0.004586 -0.003952 0.018370
			-0.002402 -0.003499 0.017408
			-0.007057 -0.003819 0.016976
			-0.009311 -0.002085 0.016129
			0.020127 -0.005790 0.022867
			0.017281 -0.006016 0.023384
			0.011643 -0.004384 0.021528
			0.004585 -0.003036 0.020166
			-0.002463 -0.002198 0.019511
			-0.007214 -0.002056 0.019654
			-0.009559 -0.000758 0.018024
			0.007358 -0.003276 0.034371
			0.006460 -0.003225 0.037799
			0.003742 -0.002768 0.038289
			-0.002083 -0.001701 0.036487
			-0.009441 -0.000381 0.035093
			-0.016491 0.000864 0.034430
			-0.021228 0.001677 0.034759
			-0.023800 0.002184 0.032755
			-0.022996 0.002159 0.029019
			0.007427 -0.001551 0.037010
			0.004974 -0.000593 0.037362
			-0.001409 0.000549 0.036237
			-0.008428 0.001781 0.034960
			-0.015612 0.003327 0.034085
			-0.019536 0.004314 0.033824
			-0.022888 0.004266 0.032254
			0.008358 -0.000848 0.035447
			0.006184 0.000409 0.035363
			-0.000547 0.002309 0.034415
			-0.007213 0.003504 0.033240
			-0.014550 0.005165 0.032066
			-0.017823 0.005663 0.031458
			-0.021881 0.005608 0.030473
			0.008665 -0.000848 0.033704
			0.006594 0.000409 0.033039
			-0.000056 0.002309 0.031626
			-0.006721 0.003504 0.030451
			-0.014018 0.005165 0.029044
			-0.017300 0.005663 0.028496
			-0.021451 0.005608 0.028033
			0.008616 -0.001942 0.032437
			0.006349 -0.000999 0.031292
			0.000699 -0.000639 0.031197
			-0.007457 0.000821 0.029759
			-0.014454 0.002670 0.027702
			-0.017950 0.003777 0.026419
			-0.021945 0.003897 0.026539
			0.008340 -0.003378 0.032121
			0.005794 -0.002894 0.030800
			0.001308 -0.002184 0.033014
			-0.008336 -0.000457 0.031313
			-0.015147 0.000813 0.028465
			-0.018962 0.001549 0.026047
			-0.022706 0.002184 0.026550
			0.007128 -0.004738 0.032057
			0.004556 -0.004927 0.030623
			-0.000433 -0.002866 0.031508
			-0.008665 -0.001341 0.030135
			-0.015558 -0.000780 0.027899
			-0.019748 -0.000834 0.025946
			-0.022854 0.000423 0.026456
			0.005762 -0.005857 0.033103
			0.003054 -0.006763 0.032145
			-0.002626 -0.004529 0.031563
			-0.009415 -0.003140 0.030426
			-0.016310 -0.002686 0.028939
			-0.020832 -0.003007 0.027753
			-0.023241 -0.001272 0.027778
			0.005424 -0.005857 0.035019
			0.002552 -0.006763 0.034992
			-0.002984 -0.004529 0.033595
			-0.009753 -0.003140 0.032343
			-0.016740 -0.002686 0.031380
			-0.021395 -0.003007 0.030949
			-0.023651 -0.001272 0.030102
			0.005789 -0.004978 0.036839
			0.002943 -0.005205 0.037357
			-0.002696 -0.003572 0.035500
			-0.009754 -0.002224 0.034138
			-0.016803 -0.001387 0.033483
			-0.021553 -0.001244 0.033625
			-0.023898 0.000054 0.031996
			-0.004728 -0.002790 0.046203
			-0.005625 -0.002738 0.049631
			-0.008344 -0.002281 0.050121
			-0.014169 -0.001214 0.048319
			-0.021528 0.000106 0.046923
			-0.028578 0.001351 0.046262
			-0.033315 0.002163 0.046590
			-0.035886 0.002671 0.044585
			-0.035082 0.002646 0.040851
			-0.004659 -0.001064 0.048841
			-0.007112 -0.000106 0.049192
			-0.013496 0.001036 0.048067
			-0.020514 0.002267 0.046791
			-0.027698 0.003812 0.045917
			-0.031623 0.004800 0.045655
			-0.034973 0.004752 0.044084
			-0.003728 -0.000361 0.047277
			-0.005902 0.000896 0.047193
			-0.012634 0.002796 0.046246
			-0.019299 0.003990 0.045071
			-0.026637 0.005651 0.043898
			-0.029908 0.006150 0.043290
			-0.033966 0.006095 0.042305
			-0.003421 -0.000361 0.045534
			-0.005492 0.000896 0.044870
			-0.012142 0.002796 0.043457
			-0.018807 0.003990 0.042282
			-0.026104 0.005651 0.040876
			-0.029385 0.006150 0.040327
			-0.033536 0.006095 0.039864
			-0.003470 -0.001457 0.044268
			-0.005737 -0.000512 0.043123
			-0.011387 -0.000152 0.043028
			-0.019543 0.001308 0.041590
			-0.026540 0.003156 0.039533
			-0.030036 0.004264 0.038251
			-0.034032 0.004384 0.038369
			-0.003746 -0.002891 0.043953
			-0.006293 -0.002409 0.042631
			-0.010778 -0.001697 0.044845
			-0.020423 0.000030 0.043144
			-0.027232 0.001299 0.040295
			-0.031047 0.002036 0.037878
			-0.034793 0.002671 0.038381
			-0.004958 -0.004251 0.043888
			-0.007529 -0.004440 0.042454
			-0.012519 -0.002380 0.043340
			-0.020750 -0.000854 0.041965
			-0.027645 -0.000294 0.039730
			-0.031834 -0.000348 0.037777
			-0.034941 0.000909 0.038287
			-0.006324 -0.005371 0.044933
			-0.009032 -0.006276 0.043976
			-0.014712 -0.004043 0.043394
			-0.021501 -0.002653 0.042256
			-0.028395 -0.002201 0.040771
			-0.032918 -0.002520 0.039584
			-0.035327 -0.000786 0.039609
			-0.006662 -0.005371 0.046850
			-0.009534 -0.006276 0.046823
			-0.015070 -0.004043 0.045427
			-0.021839 -0.002653 0.044174
			-0.028826 -0.002201 0.043211
			-0.033481 -0.002520 0.042780
			-0.035737 -0.000786 0.041933
			-0.006297 -0.004491 0.048671
			-0.009144 -0.004719 0.049189
			-0.014783 -0.003086 0.047331
			-0.021840 -0.001737 0.045969
			-0.028889 -0.000900 0.045314
			-0.033639 -0.000757 0.045456
			-0.035984 0.000541 0.043828
