
			-0.002485  0.016259 -0.015792
			 0.002267  0.007737 -0.020323
			-0.008353  0.013258 -0.017409
			 0.005013  0.016179 -0.015421
			-0.001938  0.018885 -0.012364
			 0.010107  0.016044 -0.012061
			-0.011733  0.006253 -0.019245
			-0.008749 -0.002138 -0.021890
			 0.000010 -0.006513 -0.022550
			 0.008418 -0.000804 -0.022012
			 0.012835  0.004267 -0.017871
			 0.011158  0.012518 -0.015341
			-0.008158  0.016469 -0.013682
			-0.014097  0.010306 -0.015535
			 0.016484  0.010525 -0.011627
			-0.002308  0.021305 -0.006500
			 0.006930  0.019753 -0.006998
			 0.014310  0.016141 -0.006253
			-0.015400  0.001654 -0.017961
			-0.010470 -0.005477 -0.020269
			-0.000161 -0.009490 -0.021591
			 0.008717 -0.006668 -0.021171
			 0.014470 -0.002996 -0.018068
			 0.017318  0.002055 -0.015207
			-0.009431  0.019150 -0.007913
			-0.015531  0.013876 -0.009880
			-0.018798  0.005641 -0.012959
			 0.019750  0.009812 -0.005479
			-0.003142  0.022331 -0.000786
			 0.002942  0.022217  0.000367
			 0.009514  0.020136  0.000860
			 0.016752  0.015302  0.001298
			-0.016558 -0.004469 -0.016487
			-0.009495 -0.010572 -0.019026
			 0.000788 -0.012375 -0.020179
			 0.009865 -0.010466 -0.018919
			 0.017219 -0.005776 -0.014684
			 0.021712  0.001481 -0.008411
			-0.010106  0.020215 -0.002173
			-0.016733  0.015443 -0.004041
			-0.021371  0.006567 -0.007219
			-0.020732 -0.002328 -0.011201
			 0.023186 -0.000307 -0.005230
			 0.021279  0.009285  0.000272
			-0.011544  0.019532  0.004240
			-0.004899  0.021668  0.004890
			 0.001573  0.021757  0.006411
			 0.007870  0.019973  0.007768
			 0.016054  0.013591  0.009179
			-0.015423 -0.010163 -0.014790
			-0.007474 -0.014195 -0.017158
			 0.002291 -0.016348 -0.017070
			 0.013029 -0.012810 -0.014730
			 0.019412 -0.008592 -0.010445
			-0.017672  0.014790  0.002346
			-0.022373  0.006494 -0.001388
			-0.022460 -0.003854 -0.005599
			-0.017314 -0.011841 -0.010588
			 0.023141 -0.004235  0.001017
			 0.021058  0.005807  0.007548
			-0.013445  0.016710  0.008832
			-0.019913  0.011076  0.005111
			-0.005972  0.019438  0.010707
			 0.001980  0.018852  0.012902
			 0.009327  0.015115  0.014814
			 0.014706  0.009681  0.015469
			-0.008936 -0.016038 -0.014580
			 0.002108 -0.018234 -0.015043
			 0.013393 -0.015687 -0.011030
			 0.020966 -0.010112 -0.005375
			-0.023301  0.001183  0.001627
			-0.021882 -0.007930 -0.003050
			-0.015668 -0.014510 -0.011009
			-0.006174 -0.017913 -0.013796
			 0.020997 -0.004771  0.009481
			 0.019198  0.001915  0.013645
			-0.006443  0.016768  0.014819
			-0.013328  0.014668  0.012641
			-0.019447  0.008811  0.009583
			-0.000481  0.015534  0.017741
			 0.004317  0.013490  0.018908
			 0.008703  0.008311  0.020050
			 0.014092 -0.000326  0.019032
			 0.005619 -0.019266 -0.012331
			 0.014739 -0.017320 -0.004273
			 0.019991 -0.012422  0.002254
			-0.023245  0.000619  0.005996
			-0.022616 -0.006988  0.001382
			-0.016372 -0.014129 -0.004684
			-0.007745 -0.017630 -0.008860
			 0.017246 -0.015463  0.005797
			 0.017002 -0.007284  0.014690
			-0.014142  0.010676  0.015528
			-0.006853  0.012157  0.018589
			-0.018719  0.003918  0.012125
			-0.020368 -0.003759  0.009983
			-0.000651  0.009952  0.021520
			 0.005654  0.005692  0.022054
			 0.008514 -0.001739  0.022061
			 0.011673 -0.009218  0.018047
			 0.000618 -0.019771 -0.008724
			 0.006686 -0.020452 -0.006604
			 0.013604 -0.018660 -0.000595
			-0.017821 -0.012360  0.002455
			-0.010661 -0.016631 -0.001888
			-0.003240 -0.019143 -0.002967
			 0.012267 -0.015560  0.012292
			-0.013258 -0.001421  0.016467
			-0.006526  0.003737  0.018110
			-0.017241 -0.009529  0.013278
			-0.015091 -0.016822  0.007396
			-0.000963  0.001430  0.020986
			 0.005191 -0.002065  0.023396
			 0.008210 -0.009288  0.020870
			 0.003401 -0.019521 -0.001047
			 0.009445 -0.018801  0.004231
			-0.009402 -0.020722  0.004148
			-0.000243 -0.021797  0.005431
			 0.008817 -0.015097  0.016013
			-0.012344 -0.007434  0.025266
			-0.016792 -0.015301  0.021105
			-0.004982 -0.003153  0.027602
			-0.015739 -0.021299  0.014938
			-0.013535 -0.027330  0.011626
			 0.001984 -0.006429  0.030073
			 0.005033 -0.014067  0.029609
			 0.004745 -0.021320  0.027106
			 0.007000 -0.019473  0.010573
			-0.008431 -0.030151  0.009985
			-0.001414 -0.030849  0.013004
			 0.003590 -0.028037  0.022023
			-0.007116 -0.003903  0.034035
			-0.013007 -0.008966  0.030110
			-0.016950 -0.017191  0.025608
			-0.017874 -0.025184  0.021559
			-0.001184 -0.006004  0.037300
			-0.016132 -0.033301  0.014557
			-0.013513 -0.035736  0.011876
			 0.003743 -0.010372  0.038220
			 0.006122 -0.016497  0.038226
			 0.002471 -0.032059  0.030706
			 0.003644 -0.022498  0.035590
			-0.003690 -0.039036  0.015654
			 0.002085 -0.037969  0.021989
			-0.007985 -0.002618  0.040552
			-0.002429 -0.004001  0.042826
			-0.015659 -0.007174  0.037285
			-0.017491 -0.015230  0.036998
			-0.019361 -0.023764  0.031468
			-0.020722 -0.033184  0.023048
			 0.001913 -0.007581  0.045013
			-0.018872 -0.040204  0.017521
			-0.016848 -0.044566  0.012662
			 0.003070 -0.012640  0.045930
			 0.000569 -0.028499  0.038959
			 0.001374 -0.019469  0.043887
			 0.000989 -0.045425  0.023072
			 0.001274 -0.037578  0.032132
			-0.007933 -0.046195  0.016363
			-0.011426 -0.000723  0.045378
			-0.005572 -0.000975  0.049710
			-0.001700 -0.007206  0.051340
			-0.023433 -0.001858  0.034786
			-0.024874 -0.011090  0.038803
			-0.025779 -0.020496  0.037377
			-0.027161 -0.027566  0.031359
			-0.025479 -0.035304  0.027566
			-0.001146 -0.016672  0.050909
			-0.022926 -0.043275  0.020912
			-0.021497 -0.047650  0.016181
			-0.019536 -0.050507  0.009915
			-0.001981 -0.033257  0.044266
			-0.002531 -0.026081  0.047954
			 0.001424 -0.047581  0.032985
			-0.000447 -0.040271  0.038440
			-0.014325 -0.052510  0.015286
			-0.003440 -0.053634  0.020853
			 0.002122 -0.051316  0.026469
			-0.011591  0.000239  0.049971
			-0.004739 -0.009025  0.054484
			-0.003580 -0.019134  0.053367
			-0.023620  0.001334  0.036881
			-0.030479 -0.002425  0.031672
			-0.032360 -0.016638  0.034891
			-0.032541 -0.027432  0.032240
			-0.030797 -0.037747  0.030535
			-0.028090 -0.045295  0.023459
			-0.004648 -0.036635  0.048922
			-0.003984 -0.028974  0.053373
			-0.028187 -0.050334  0.013586
			-0.025042 -0.053680  0.008329
			-0.019335 -0.055888  0.009401
			 0.002156 -0.053877  0.031958
			-0.000140 -0.049972  0.038798
			-0.002646 -0.043430  0.044675
			 0.002109 -0.056661  0.025747
			-0.016134 -0.057091  0.015675
			-0.009042 -0.058151  0.019710
			-0.003205 -0.058627  0.021478
			-0.015167 -0.001662  0.053526
			-0.026389  0.000910  0.043069
			-0.010708 -0.010851  0.057218
			-0.008875 -0.020097  0.058543
			-0.034061 -0.001313  0.035545
			-0.036018 -0.017569  0.036803
			-0.036939 -0.026980  0.037029
			-0.035567 -0.036397  0.036969
			-0.028678 -0.047363  0.031117
			-0.030119 -0.053812  0.016796
			-0.008726 -0.038108  0.053770
			-0.007360 -0.030235  0.058452
			-0.026958 -0.057008  0.010057
			-0.020557 -0.059633  0.010487
			-0.015958 -0.061216  0.018147
			 0.002924 -0.059957  0.033868
			-0.000767 -0.054513  0.042745
			-0.006313 -0.048837  0.048947
			 0.003685 -0.062765  0.027737
			-0.008757 -0.063822  0.020503
			-0.000899 -0.064418  0.022435
			-0.018208 -0.006175  0.055385
			-0.031239 -0.003890  0.048469
			-0.035469 -0.007487  0.041888
			-0.013727 -0.018260  0.061969
			-0.036412 -0.015589  0.043232
			-0.036057 -0.026457  0.045119
			-0.033834 -0.035118  0.044942
			-0.029490 -0.051900  0.039298
			-0.025523 -0.058950  0.028030
			-0.024148 -0.062041  0.035564
			-0.029251 -0.060613  0.017851
			-0.013466 -0.039589  0.055445
			-0.011038 -0.029542  0.061917
			-0.025443 -0.062217  0.011928
			-0.016938 -0.066165  0.020558
			 0.003558 -0.067240  0.037632
			 0.004376 -0.069235  0.027684
			-0.001875 -0.065544  0.045241
			-0.011372 -0.047986  0.053040
			-0.006027 -0.064421  0.049750
			-0.002154 -0.070349  0.022214
			-0.010523 -0.068838  0.021205
			-0.020262 -0.019043  0.060748
			-0.029105 -0.017457  0.056437
			-0.033262 -0.019472  0.051211
			-0.018167 -0.032425  0.060316
			-0.031920 -0.028846  0.052585
			-0.024391 -0.063286  0.043106
			-0.026538 -0.055161  0.046097
			-0.029181 -0.041940  0.049375
			-0.022525 -0.066173  0.025092
			-0.020076 -0.073363  0.037020
			-0.019857 -0.043035  0.053856
			 0.007852 -0.083425  0.035657
			 0.007774 -0.083415  0.028230
			 0.001670 -0.084601  0.023175
			-0.018056 -0.053199  0.051492
			-0.012102 -0.065376  0.051444
			-0.000264 -0.083380  0.045736
			-0.007277 -0.085267  0.023971
			-0.010418 -0.076516  0.023952
			-0.025473 -0.031527  0.057772
			-0.019742 -0.064448  0.048286
			-0.013514 -0.088480  0.031602
			-0.014593 -0.086316  0.046468
			 0.010395 -0.114751  0.042287
			 0.013557 -0.107318  0.030510
			 0.007304 -0.113000  0.021120
			-0.008417 -0.085464  0.050573
			-0.001975 -0.115539  0.048600
			-0.005871 -0.114810  0.028131
			-0.007908 -0.117051  0.045137
			 0.016288 -0.145738  0.042213
			 0.021585 -0.143279  0.030989
			 0.013413 -0.143481  0.018024
			 0.002221 -0.146605  0.024984
			 0.006723 -0.147830  0.044937
			-0.000053 -0.149090  0.039202
			 0.022357 -0.178337  0.039752
			 0.026764 -0.175448  0.029277
			 0.018745 -0.175082  0.016061
			 0.007044 -0.175149  0.022582
			 0.005728 -0.177552  0.034434
			 0.011849 -0.176914  0.041937
			 0.025319 -0.206289  0.036959
			 0.029398 -0.204312  0.022907
			 0.018726 -0.204504  0.014052
			 0.010333 -0.206775  0.019873
			 0.009502 -0.208074  0.031534
			 0.015473 -0.207935  0.038652
			 0.028845 -0.241638  0.032493
			 0.032097 -0.239811  0.019746
			 0.022526 -0.238842  0.010251
			 0.012784 -0.239322  0.015362
			 0.011708 -0.242395  0.027188
			 0.019081 -0.242527  0.034715
			 0.031172 -0.274507  0.027139
			 0.033931 -0.272860  0.016311
			 0.024257 -0.270705  0.006213
			 0.013304 -0.272426  0.011678
			 0.012871 -0.275030  0.024870
			 0.020614 -0.276345  0.030349
			 0.020902 -0.307010  0.026991
			 0.028519 -0.306666  0.025291
			 0.033406 -0.305003  0.010980
			 0.026736 -0.303639  0.001798
			 0.017225 -0.303517  0.004273
			 0.011122 -0.304828  0.012867
			 0.013097 -0.306874  0.023604
			 0.018972 -0.340119  0.024427
			 0.029801 -0.340453  0.021958
			 0.033036 -0.341126  0.007879
			 0.025037 -0.338380 -0.004078
			 0.015455 -0.336998 -0.001503
			 0.010596 -0.337751  0.008556
			 0.010032 -0.339151  0.020233
			 0.016284 -0.367009  0.024252
			 0.030513 -0.369852  0.018576
			 0.029980 -0.368150  0.002282
			 0.025348 -0.365105 -0.008219
			 0.014551 -0.362330 -0.010076
			 0.008473 -0.367519  0.006193
			 0.007022 -0.366640  0.020488
			 0.002655 -0.379981  0.023009
			 0.015523 -0.381394  0.025617
			 0.029925 -0.386391  0.020785
			 0.029547 -0.384766 -0.000447
			 0.022030 -0.377881 -0.013768
			 0.012115 -0.375266 -0.018196
			 0.008116 -0.377884 -0.009247
			 0.006616 -0.380674  0.003266
			-0.002897 -0.386977  0.028552
			 0.011980 -0.394159  0.031420
			-0.000454 -0.386982  0.014488
			 0.022959 -0.397253  0.028606
			 0.035306 -0.397072  0.021105
			 0.032968 -0.395633  0.008448
			 0.031145 -0.395746 -0.001877
			 0.027072 -0.390989 -0.013137
			 0.020784 -0.387953 -0.020689
			 0.006791 -0.387902 -0.033406
			 0.011160 -0.382117 -0.023459
			 0.004383 -0.386023 -0.013469
			 0.003587 -0.387849  0.000222
			-0.009434 -0.391673  0.029127
			-0.009795 -0.390173  0.014384
			 0.002353 -0.398568  0.036067
			 0.010398 -0.402182  0.034107
			-0.006731 -0.392187  0.009106
			 0.021525 -0.404413  0.029318
			 0.035446 -0.405787  0.021325
			 0.032663 -0.405177  0.008789
			 0.030062 -0.406264 -0.000232
			 0.032818 -0.405157 -0.007829
			 0.025956 -0.399818 -0.018001
			 0.019136 -0.394624 -0.027519
			 0.017446 -0.402156 -0.030315
			 0.011730 -0.397800 -0.036877
			 0.002937 -0.393959 -0.037526
			-0.000852 -0.391272 -0.025995
			-0.001801 -0.392515 -0.016571
			-0.002039 -0.394480 -0.001938
			-0.016769 -0.397147  0.027677
			-0.009767 -0.402873  0.035207
			-0.017997 -0.395692  0.022044
			-0.011068 -0.400730  0.006348
			-0.016787 -0.397566  0.012051
			-0.002143 -0.406302  0.037033
			 0.007871 -0.408459  0.034121
			-0.002281 -0.400084 -0.001555
			 0.017481 -0.411851  0.029677
			 0.024589 -0.413262  0.027714
			 0.031195 -0.414066  0.022521
			 0.029754 -0.413497  0.010670
			 0.025460 -0.412837  0.000033
			 0.029709 -0.413635 -0.006108
			 0.033345 -0.414184 -0.010227
			 0.029794 -0.410377 -0.016316
			 0.024650 -0.407569 -0.021375
			 0.015140 -0.409293 -0.030919
			 0.006830 -0.402541 -0.038298
			-0.007303 -0.397547 -0.036054
			-0.015521 -0.394175 -0.027941
			-0.003647 -0.393526 -0.028425
			-0.010118 -0.392991 -0.018940
			-0.008083 -0.398395 -0.013016
			-0.022408 -0.404588  0.023297
			-0.021165 -0.406397  0.029793
			-0.012553 -0.410420  0.030597
			-0.020512 -0.405620  0.013998
			-0.002882 -0.408422  0.006231
			-0.016366 -0.408881  0.008787
			-0.006449 -0.413673  0.032330
			 0.003243 -0.416680  0.031912
			-0.001044 -0.408861 -0.009405
			 0.004058 -0.410535 -0.001843
			 0.016771 -0.417675  0.028481
			 0.023161 -0.421217  0.025633
			 0.022884 -0.421138  0.014379
			 0.019261 -0.417790  0.004385
			 0.020794 -0.418748 -0.004095
			 0.029071 -0.420928 -0.011581
			 0.027465 -0.417050 -0.018789
			 0.021598 -0.413145 -0.022962
			 0.012713 -0.414202 -0.031252
			 0.002472 -0.411800 -0.036440
			-0.007632 -0.409205 -0.036730
			-0.020658 -0.408592 -0.033736
			-0.017667 -0.395899 -0.020933
			-0.016816 -0.403420 -0.013198
			-0.021820 -0.410716  0.019655
			-0.021244 -0.413129  0.028080
			-0.015779 -0.417373  0.031837
			-0.014973 -0.415510  0.012463
			-0.005442 -0.416331  0.007583
			-0.007523 -0.422437  0.032296
			 0.005837 -0.423079  0.029917
			-0.018287 -0.409922 -0.014403
			-0.013221 -0.415616 -0.014291
			-0.004487 -0.422012 -0.013927
			 0.007255 -0.416320 -0.001125
			 0.007211 -0.417681  0.005644
			 0.013777 -0.423537  0.025725
			 0.014433 -0.424549  0.017703
			 0.013143 -0.418346 -0.000209
			 0.012486 -0.421127  0.009177
			 0.014155 -0.421520 -0.005391
			 0.019347 -0.425500 -0.012975
			 0.022154 -0.425019 -0.022274
			 0.017173 -0.418753 -0.025937
			 0.009566 -0.420713 -0.029919
			 0.003233 -0.417783 -0.034554
			-0.007621 -0.415450 -0.036092
			-0.018097 -0.414535 -0.033884
			-0.022322 -0.403616 -0.021101
			-0.009423 -0.419038  0.012840
			-0.014324 -0.419420  0.018578
			-0.011563 -0.421864  0.024560
			 0.001318 -0.420799  0.010887
			-0.000728 -0.424582  0.023307
			-0.020977 -0.415899 -0.023124
			-0.014416 -0.420856 -0.018401
			-0.003730 -0.426432 -0.016147
			 0.006343 -0.421611 -0.007606
			 0.006280 -0.424557  0.017171
			 0.004537 -0.429129 -0.015807
			 0.009081 -0.430285 -0.021312
			 0.011900 -0.427962 -0.028185
			-0.004435 -0.425101 -0.034302
			-0.013769 -0.422733 -0.031571
			-0.015841 -0.422242 -0.024399
			-0.004460 -0.422900  0.017036
			-0.008972 -0.426934 -0.021198
			-0.001631 -0.429478 -0.020925
			 0.001302 -0.428160 -0.031677
			-0.008172 -0.427189 -0.027455
