			-0.105266  0.073567  0.000000
			-0.101060  0.071406 -0.000038
			-0.103110  0.062801 -0.000055
			-0.099288  0.059866 -0.000094
			-0.094881  0.061953 -0.000118
			-0.090675  0.055615 -0.000171
			-0.078261  0.041328 -0.000314
			-0.073511  0.038329 -0.000359
			-0.075244  0.034855 -0.000359
			-0.089330  0.033272 -0.000262
			-0.105368  0.029386 -0.000160
			-0.115167  0.024836 -0.000105
			-0.127076  0.023767 -0.000022
			-0.139719  0.014799  0.000038
			-0.150280  0.008083  0.000090
			-0.160832 -0.007603  0.000110
			-0.159688 -0.013014  0.000082
			-0.162464 -0.021788  0.000070
			-0.161226 -0.028937  0.000035
			-0.159814 -0.034455  0.000004
			-0.163070 -0.042263  0.000000
			-0.087502  0.065933  0.014170
			-0.088506  0.059611  0.015582
			-0.089636  0.050559  0.017809
			-0.091154  0.045295  0.018536
			-0.093050  0.039799  0.019093
			-0.091732  0.032772  0.022260
			-0.092168  0.027460  0.023715
			-0.095793  0.023202  0.022731
			-0.104983  0.021112  0.017380
			-0.112892  0.014795  0.014255
			-0.121302  0.008912  0.010659
			-0.129428  0.004384  0.006807
			-0.138165 -0.001368  0.002954
			-0.145949 -0.004952 -0.000985
			-0.152393 -0.016035 -0.001584
			-0.149741 -0.019734  0.001370
			-0.151942 -0.025186  0.001712
			-0.154476 -0.028569  0.001156
			-0.156278 -0.033486  0.001584
			-0.092880  0.068104  0.041630
			-0.093749  0.064434  0.044285
			-0.100269  0.049439  0.046938
			-0.106924  0.036507  0.046380
			-0.111593  0.030506  0.041770
			-0.115160  0.028235  0.035065
			-0.119482  0.020083  0.034366
			-0.123470  0.014427  0.031153
			-0.127042  0.011539  0.025286
			-0.130006  0.004076  0.027381
			-0.135742 -0.003659  0.022212
			-0.140590 -0.011445  0.019558
			-0.144099 -0.014511  0.014110
			-0.147112 -0.015770  0.007543
			-0.150066 -0.021999  0.007962
			-0.148296 -0.023022  0.014250
			-0.149536 -0.025306  0.013970
			-0.152250 -0.026375  0.007962
			-0.155560 -0.031379  0.005727
			-0.117438  0.078016  0.041845
			-0.119873  0.074978  0.044514
			-0.127957  0.060614  0.047182
			-0.134283  0.047551  0.046620
			-0.136231  0.040450  0.041986
			-0.135845  0.036584  0.035246
			-0.139753  0.028267  0.034543
			-0.141848  0.021844  0.031314
			-0.141958  0.017558  0.025417
			-0.146158  0.010595  0.027522
			-0.148845  0.001629  0.022327
			-0.152128 -0.006787  0.019659
			-0.152422 -0.011153  0.014182
			-0.151561 -0.013974  0.007583
			-0.154765 -0.020103  0.008004
			-0.156701 -0.019629  0.014323
			-0.157777 -0.021979  0.014042
			-0.156948 -0.024478  0.008004
			-0.158939 -0.030015  0.005757
			-0.124120  0.079940  0.014964
			-0.128867  0.075593  0.016714
			-0.133878  0.065168  0.016582
			-0.143240  0.056733  0.020083
			-0.144275  0.049109  0.018202
			-0.147549  0.042545  0.018202
			-0.153668  0.037129  0.020521
			-0.155529  0.031464  0.019864
			-0.153917  0.026560  0.017108
			-0.160375  0.019813  0.019207
			-0.161506  0.012383  0.017458
			-0.161877  0.005574  0.015401
			-0.162516  0.000034  0.013957
			-0.164225 -0.005846  0.013126
			-0.164220 -0.012033  0.011026
			-0.167359 -0.015870  0.011857
			-0.169295 -0.022202  0.011026
			-0.164135 -0.026062  0.006213
			-0.165309 -0.032933  0.004682
			-0.111968  0.074262  0.000051
			-0.118300  0.068313  0.000075
			-0.118386  0.061080  0.000050
			-0.133247  0.058266  0.000148
			-0.135318  0.050905  0.000137
			-0.146728  0.043450  0.000192
			-0.156903  0.041682  0.000261
			-0.160282  0.037480  0.000270
			-0.159215  0.032873  0.000246
			-0.167790  0.026284  0.000284
			-0.169767  0.021362  0.000281
			-0.167767  0.016378  0.000248
			-0.171523  0.010783  0.000254
			-0.179688  0.003407  0.000287
			-0.174941 -0.003455  0.000227
			-0.175586 -0.013090  0.000198
			-0.178071 -0.023529  0.000178
			-0.169716 -0.028294  0.000100
			-0.170651 -0.036265  0.000077
			-0.124333  0.080026 -0.014642
			-0.129105  0.075689 -0.016353
			-0.134112  0.065263 -0.016225
			-0.143525  0.056847 -0.019649
			-0.144531  0.049215 -0.017809
			-0.147808  0.042650 -0.017809
			-0.153958  0.037247 -0.020078
			-0.155810  0.031577 -0.019436
			-0.154159  0.026658 -0.016738
			-0.160648  0.019924 -0.018794
			-0.161754  0.012483 -0.017081
			-0.162094  0.005663 -0.015069
			-0.162713  0.000114 -0.013656
			-0.164412 -0.005771 -0.012842
			-0.164376 -0.011971 -0.010788
			-0.167527 -0.015802 -0.011602
			-0.169452 -0.022139 -0.010788
			-0.164223 -0.026026 -0.006079
			-0.165374 -0.032906 -0.004580
			-0.118037  0.078258 -0.041630
			-0.120510  0.075235 -0.044285
			-0.128634  0.060888 -0.046938
			-0.134952  0.047820 -0.046380
			-0.136834  0.040695 -0.041770
			-0.136349  0.036788 -0.035065
			-0.140249  0.028466 -0.034366
			-0.142296  0.022024 -0.031153
			-0.142322  0.017705 -0.025286
			-0.146552  0.010754 -0.027381
			-0.149165  0.001758 -0.022211
			-0.152409 -0.006674 -0.019558
			-0.152626 -0.011070 -0.014110
			-0.151669 -0.013930 -0.007543
			-0.154878 -0.020056 -0.007962
			-0.156907 -0.019547 -0.014250
			-0.157978 -0.021900 -0.013970
			-0.157062 -0.024433 -0.007962
			-0.159020 -0.029982 -0.005727
			-0.093479  0.068346 -0.041845
			-0.094386  0.064690 -0.044514
			-0.100944  0.049711 -0.047182
			-0.107592  0.036777 -0.046620
			-0.112193  0.030748 -0.041986
			-0.115664  0.028440 -0.035246
			-0.119977  0.020284 -0.034542
			-0.123920  0.014607 -0.031314
			-0.127404  0.011686 -0.025417
			-0.130400  0.004235 -0.027522
			-0.136062 -0.003530 -0.022327
			-0.140872 -0.011331 -0.019659
			-0.144301 -0.014431 -0.014182
			-0.147220 -0.015726 -0.007583
			-0.150182 -0.021953 -0.008004
			-0.148502 -0.022940 -0.014323
			-0.149738 -0.025225 -0.014042
			-0.152364 -0.026328 -0.008004
			-0.155641 -0.031345 -0.005757
			-0.087708  0.066016 -0.014482
			-0.088732  0.059704 -0.015926
			-0.089895  0.050662 -0.018202
			-0.091423  0.045403 -0.018945
			-0.093327  0.039911 -0.019514
			-0.092055  0.032903 -0.022751
			-0.092513  0.027599 -0.024239
			-0.096122  0.023334 -0.023234
			-0.105235  0.021214 -0.017765
			-0.113098  0.014879 -0.014570
			-0.121456  0.008974 -0.010894
			-0.129528  0.004424 -0.006957
			-0.138208 -0.001350 -0.003019
			-0.145935 -0.004957  0.001006
			-0.152370 -0.016045  0.001619
			-0.149760 -0.019726 -0.001400
			-0.151966 -0.025175 -0.001750
			-0.154493 -0.028561 -0.001182
			-0.156301 -0.033476 -0.001619
