			 0.016460 -0.031255 -0.009683
			 0.006000 -0.028520 -0.008335
			 0.006000 -0.031255  0.003181
			 0.027593 -0.033990 -0.003088
			 0.023854 -0.040317 -0.018777
			 0.030512 -0.041855 -0.003937
			-0.007977 -0.031083 -0.014009
			 0.006000 -0.038777 -0.028074
			 0.027593 -0.033990  0.009449
			 0.016009 -0.034675  0.015491
			 0.006000 -0.035359  0.013324
			-0.007525 -0.034503  0.019815
			-0.026973 -0.033649  0.012754
			-0.026973 -0.033649 -0.006393
			 0.030512 -0.041855  0.010298
			 0.024485 -0.052627 -0.019554
			 0.030804 -0.056559 -0.004021
			 0.030804 -0.056559  0.010382
			-0.015821 -0.046642 -0.023657
			 0.006000 -0.048694 -0.029719
			 0.019165 -0.036555  0.019372
			 0.006000 -0.031255  0.020178
			-0.031351 -0.054507  0.014025
			-0.011132 -0.042881  0.024252
			-0.031351 -0.054507 -0.007664
			 0.024576 -0.045959  0.026026
			 0.024937 -0.068357 -0.020108
			 0.038683 -0.068529 -0.006308
			 0.038683 -0.068529  0.012669
			 0.027371 -0.062202  0.029463
			-0.015280 -0.054165 -0.022992
			 0.006000 -0.068186 -0.023687
			 0.006000 -0.035359  0.036354
			-0.015371 -0.047497  0.029463
			-0.027850 -0.059636  0.013008
			-0.027850 -0.059636 -0.006647
			 0.006000 -0.055875  0.037450
			 0.022682 -0.080667 -0.017336
			 0.039000 -0.082205 -0.007241
			 0.039000 -0.082205  0.013603
			 0.028633 -0.070580  0.031017
			 0.006000 -0.058953  0.038273
			-0.011042 -0.065450 -0.017780
			 0.006000 -0.079129 -0.013818
			-0.013477 -0.059294  0.027134
			-0.020554 -0.062715  0.010890
			-0.020554 -0.062715 -0.004528
			-0.011312 -0.069554  0.024473
			 0.019616 -0.117256 -0.013565
			 0.038389 -0.101014 -0.006224
			 0.038389 -0.101014  0.012585
			 0.024304 -0.084087  0.025692
			 0.006000 -0.067159  0.028403
			-0.007256 -0.101014  0.019482
			-0.005362 -0.079642 -0.010793
			 0.006000 -0.133499 -0.007785
			-0.012676 -0.080155  0.008602
			-0.012676 -0.080155 -0.002242
			-0.010049 -0.134867  0.007841
			 0.017092 -0.186161 -0.010460
			 0.032262 -0.137261 -0.004445
			 0.032262 -0.137261  0.010806
			 0.019797 -0.110418  0.020148
			 0.006000 -0.083575  0.020452
			-0.010049 -0.169746  0.007841
			-0.004641 -0.126660  0.016267
			-0.002566 -0.134183 -0.007355
			 0.006000 -0.235059 -0.005866
			-0.010049 -0.134867 -0.001480
			-0.010049 -0.169746 -0.001480
			 0.014837 -0.254550 -0.007688
			 0.024092 -0.204625 -0.002072
			 0.024092 -0.204625  0.008433
			 0.015558 -0.169404  0.014935
			 0.006000 -0.134183  0.015243
			-0.001394 -0.202231  0.012274
			-0.007569 -0.220015  0.007121
			-0.005088 -0.270283  0.006401
			-0.001935 -0.202403 -0.006578
			 0.006000 -0.304476 -0.006689
			-0.000673 -0.287377 -0.005027
			-0.007569 -0.220015 -0.000760
			 0.014927 -0.320036 -0.007798
			 0.019423 -0.271990 -0.000716
			 0.019423 -0.271990  0.007078
			 0.013754 -0.253356  0.012718
			 0.006000 -0.234718  0.014147
			-0.002747 -0.286523  0.013938
			-0.010632 -0.338330  0.008009
			-0.005088 -0.270283 -0.000040
			-0.010632 -0.338330 -0.001648
			 0.006641 -0.368004 -0.010593
			-0.003919 -0.353205 -0.009019
			 0.018624 -0.365173 -0.012346
			 0.021174 -0.340039 -0.001225
			 0.021174 -0.340039  0.007586
			 0.014566 -0.320720  0.013717
			 0.006000 -0.301399  0.014970
			-0.003198 -0.336963  0.014492
			-0.011216 -0.372526  0.008178
			-0.011216 -0.372526 -0.001817
			-0.007256 -0.381415 -0.013121
			 0.006000 -0.390306 -0.020945
			 0.020879 -0.396121 -0.015118
			 0.025842 -0.386886 -0.002580
			 0.025842 -0.386886  0.008942
			 0.017812 -0.378509  0.017707
			 0.006000 -0.370131  0.020452
			-0.008879 -0.388938  0.021478
			-0.012391 -0.377167  0.013907
			-0.023764 -0.407746 -0.005459
			-0.023764 -0.407746  0.011821
			-0.011944 -0.406550 -0.018889
			 0.006000 -0.405352 -0.023414
			 0.020788 -0.406891 -0.015007
			 0.031970 -0.398514 -0.004361
			 0.031970 -0.398514  0.010722
			 0.022051 -0.392871  0.022920
			 0.006000 -0.387229  0.027580
			-0.010321 -0.400052  0.023253
			-0.020846 -0.412876  0.010974
			-0.020846 -0.412876 -0.004614
			-0.009058 -0.414073 -0.015340
			 0.006000 -0.415269 -0.017380
			 0.018263 -0.405010 -0.011902
			 0.028176 -0.406719 -0.003259
			 0.028176 -0.406719  0.009620
			 0.019616 -0.403472  0.019927
			 0.006000 -0.400223  0.023742
			-0.005542 -0.406550  0.017376
			-0.009466 -0.412876  0.007671
			-0.009466 -0.412876 -0.001310
			-0.004190 -0.408089 -0.009352
			 0.006000 -0.403302 -0.013269
			 0.013214 -0.404839 -0.005692
			 0.016505 -0.409115  0.000131
			 0.016505 -0.409115  0.006230
			 0.013574 -0.409115  0.012495
			 0.006000 -0.409115  0.016339
			-0.002870 -0.410539  0.013503
			-0.006558 -0.412772  0.010193
			-0.006558 -0.412772  0.003417
			-0.001574 -0.410312 -0.006135
			 0.006000 -0.400565 -0.008882
			 0.006000 -0.403984  0.003181
